Category: Ongoing_Microlens_Events_C9b
NEW|64|GO9005_LC,TAD_NO_HALO,TAD_NO_UNDERSHOOT_COLUMN,NO_SOC_PHOTOMETRY|692|935|-5,-5;-5,-4;-5,-3;-5,-2;-5,-1;-5,0;-5,1;-5,2;-5,3;-5,4;-5,5;-4,-5;-4,-4;-4,-3;-4,-2;-4,-1;-4,0;-4,1;-4,2;-4,3;-4,4;-4,5;-3,-5;-3,-4;-3,-3;-3,-2;-3,-1;-3,0;-3,1;-3,2;-3,3;-3,4;-3,5;-2,-5;-2,-4;-2,-3;-2,-2;-2,-1;-2,0;-2,1;-2,2;-2,3;-2,4;-2,5;-1,-5;-1,-4;-1,-3;-1,-2;-1,-1;-1,0;-1,1;-1,2;-1,3;-1,4;-1,5;0,-5;0,-4;0,-3;0,-2;0,-1;0,0;0,1;0,2;0,3;0,4;0,5;1,-5;1,-4;1,-3;1,-2;1,-1;1,0;1,1;1,2;1,3;1,4;1,5;2,-5;2,-4;2,-3;2,-2;2,-1;2,0;2,1;2,2;2,3;2,4;2,5;3,-5;3,-4;3,-3;3,-2;3,-1;3,0;3,1;3,2;3,3;3,4;3,5;4,-5;4,-4;4,-3;4,-2;4,-1;4,0;4,1;4,2;4,3;4,4;4,5;5,-5;5,-4;5,-3;5,-2;5,-1;5,0;5,1;5,2;5,3;5,4;5,5
NEW|64|GO9005_LC,TAD_NO_HALO,TAD_NO_UNDERSHOOT_COLUMN,NO_SOC_PHOTOMETRY|672|905|-2,-2;-2,-1;-2,0;-2,1;-2,2;-1,-2;-1,-1;-1,0;-1,1;-1,2;0,-2;0,-1;0,0;0,1;0,2;1,-2;1,-1;1,0;1,1;1,2;2,-2;2,-1;2,0;2,1;2,2
NEW|64|GO9005_LC,TAD_NO_HALO,TAD_NO_UNDERSHOOT_COLUMN,NO_SOC_PHOTOMETRY|722|915|-2,-2;-2,-1;-2,0;-2,1;-2,2;-1,-2;-1,-1;-1,0;-1,1;-1,2;0,-2;0,-1;0,0;0,1;0,2;1,-2;1,-1;1,0;1,1;1,2;2,-2;2,-1;2,0;2,1;2,2
NEW|64|GO9005_LC,TAD_NO_HALO,TAD_NO_UNDERSHOOT_COLUMN,NO_SOC_PHOTOMETRY|662|955|-2,-2;-2,-1;-2,0;-2,1;-2,2;-1,-2;-1,-1;-1,0;-1,1;-1,2;0,-2;0,-1;0,0;0,1;0,2;1,-2;1,-1;1,0;1,1;1,2;2,-2;2,-1;2,0;2,1;2,2
NEW|64|GO9005_LC,TAD_NO_HALO,TAD_NO_UNDERSHOOT_COLUMN,NO_SOC_PHOTOMETRY|712|965|-2,-2;-2,-1;-2,0;-2,1;-2,2;-1,-2;-1,-1;-1,0;-1,1;-1,2;0,-2;0,-1;0,0;0,1;0,2;1,-2;1,-1;1,0;1,1;1,2;2,-2;2,-1;2,0;2,1;2,2
NEW|64|GO9005_LC,TAD_NO_HALO,TAD_NO_UNDERSHOOT_COLUMN,NO_SOC_PHOTOMETRY|217|784|-5,-5;-5,-4;-5,-3;-5,-2;-5,-1;-5,0;-5,1;-5,2;-5,3;-5,4;-5,5;-4,-5;-4,-4;-4,-3;-4,-2;-4,-1;-4,0;-4,1;-4,2;-4,3;-4,4;-4,5;-3,-5;-3,-4;-3,-3;-3,-2;-3,-1;-3,0;-3,1;-3,2;-3,3;-3,4;-3,5;-2,-5;-2,-4;-2,-3;-2,-2;-2,-1;-2,0;-2,1;-2,2;-2,3;-2,4;-2,5;-1,-5;-1,-4;-1,-3;-1,-2;-1,-1;-1,0;-1,1;-1,2;-1,3;-1,4;-1,5;0,-5;0,-4;0,-3;0,-2;0,-1;0,0;0,1;0,2;0,3;0,4;0,5;1,-5;1,-4;1,-3;1,-2;1,-1;1,0;1,1;1,2;1,3;1,4;1,5;2,-5;2,-4;2,-3;2,-2;2,-1;2,0;2,1;2,2;2,3;2,4;2,5;3,-5;3,-4;3,-3;3,-2;3,-1;3,0;3,1;3,2;3,3;3,4;3,5;4,-5;4,-4;4,-3;4,-2;4,-1;4,0;4,1;4,2;4,3;4,4;4,5;5,-5;5,-4;5,-3;5,-2;5,-1;5,0;5,1;5,2;5,3;5,4;5,5
NEW|64|GO9005_LC,TAD_NO_HALO,TAD_NO_UNDERSHOOT_COLUMN,NO_SOC_PHOTOMETRY|197|754|-2,-2;-2,-1;-2,0;-2,1;-2,2;-1,-2;-1,-1;-1,0;-1,1;-1,2;0,-2;0,-1;0,0;0,1;0,2;1,-2;1,-1;1,0;1,1;1,2;2,-2;2,-1;2,0;2,1;2,2
NEW|64|GO9005_LC,TAD_NO_HALO,TAD_NO_UNDERSHOOT_COLUMN,NO_SOC_PHOTOMETRY|247|764|-2,-2;-2,-1;-2,0;-2,1;-2,2;-1,-2;-1,-1;-1,0;-1,1;-1,2;0,-2;0,-1;0,0;0,1;0,2;1,-2;1,-1;1,0;1,1;1,2;2,-2;2,-1;2,0;2,1;2,2
NEW|64|GO9005_LC,TAD_NO_HALO,TAD_NO_UNDERSHOOT_COLUMN,NO_SOC_PHOTOMETRY|187|804|-2,-2;-2,-1;-2,0;-2,1;-2,2;-1,-2;-1,-1;-1,0;-1,1;-1,2;0,-2;0,-1;0,0;0,1;0,2;1,-2;1,-1;1,0;1,1;1,2;2,-2;2,-1;2,0;2,1;2,2
NEW|64|GO9005_LC,TAD_NO_HALO,TAD_NO_UNDERSHOOT_COLUMN,NO_SOC_PHOTOMETRY|237|814|-2,-2;-2,-1;-2,0;-2,1;-2,2;-1,-2;-1,-1;-1,0;-1,1;-1,2;0,-2;0,-1;0,0;0,1;0,2;1,-2;1,-1;1,0;1,1;1,2;2,-2;2,-1;2,0;2,1;2,2
NEW|33|GO9005_LC,TAD_NO_HALO,TAD_NO_UNDERSHOOT_COLUMN,NO_SOC_PHOTOMETRY|264|563|-5,-5;-5,-4;-5,-3;-5,-2;-5,-1;-5,0;-5,1;-5,2;-5,3;-5,4;-5,5;-4,-5;-4,-4;-4,-3;-4,-2;-4,-1;-4,0;-4,1;-4,2;-4,3;-4,4;-4,5;-3,-5;-3,-4;-3,-3;-3,-2;-3,-1;-3,0;-3,1;-3,2;-3,3;-3,4;-3,5;-2,-5;-2,-4;-2,-3;-2,-2;-2,-1;-2,0;-2,1;-2,2;-2,3;-2,4;-2,5;-1,-5;-1,-4;-1,-3;-1,-2;-1,-1;-1,0;-1,1;-1,2;-1,3;-1,4;-1,5;0,-5;0,-4;0,-3;0,-2;0,-1;0,0;0,1;0,2;0,3;0,4;0,5;1,-5;1,-4;1,-3;1,-2;1,-1;1,0;1,1;1,2;1,3;1,4;1,5;2,-5;2,-4;2,-3;2,-2;2,-1;2,0;2,1;2,2;2,3;2,4;2,5;3,-5;3,-4;3,-3;3,-2;3,-1;3,0;3,1;3,2;3,3;3,4;3,5;4,-5;4,-4;4,-3;4,-2;4,-1;4,0;4,1;4,2;4,3;4,4;4,5;5,-5;5,-4;5,-3;5,-2;5,-1;5,0;5,1;5,2;5,3;5,4;5,5
NEW|33|GO9005_LC,TAD_NO_HALO,TAD_NO_UNDERSHOOT_COLUMN,NO_SOC_PHOTOMETRY|244|533|-2,-2;-2,-1;-2,0;-2,1;-2,2;-1,-2;-1,-1;-1,0;-1,1;-1,2;0,-2;0,-1;0,0;0,1;0,2;1,-2;1,-1;1,0;1,1;1,2;2,-2;2,-1;2,0;2,1;2,2
NEW|33|GO9005_LC,TAD_NO_HALO,TAD_NO_UNDERSHOOT_COLUMN,NO_SOC_PHOTOMETRY|294|543|-2,-2;-2,-1;-2,0;-2,1;-2,2;-1,-2;-1,-1;-1,0;-1,1;-1,2;0,-2;0,-1;0,0;0,1;0,2;1,-2;1,-1;1,0;1,1;1,2;2,-2;2,-1;2,0;2,1;2,2
NEW|33|GO9005_LC,TAD_NO_HALO,TAD_NO_UNDERSHOOT_COLUMN,NO_SOC_PHOTOMETRY|234|583|-2,-2;-2,-1;-2,0;-2,1;-2,2;-1,-2;-1,-1;-1,0;-1,1;-1,2;0,-2;0,-1;0,0;0,1;0,2;1,-2;1,-1;1,0;1,1;1,2;2,-2;2,-1;2,0;2,1;2,2
NEW|33|GO9005_LC,TAD_NO_HALO,TAD_NO_UNDERSHOOT_COLUMN,NO_SOC_PHOTOMETRY|284|593|-2,-2;-2,-1;-2,0;-2,1;-2,2;-1,-2;-1,-1;-1,0;-1,1;-1,2;0,-2;0,-1;0,0;0,1;0,2;1,-2;1,-1;1,0;1,1;1,2;2,-2;2,-1;2,0;2,1;2,2
NEW|74|GO9005_LC,TAD_NO_HALO,TAD_NO_UNDERSHOOT_COLUMN,NO_SOC_PHOTOMETRY|668|925|-5,-5;-5,-4;-5,-3;-5,-2;-5,-1;-5,0;-5,1;-5,2;-5,3;-5,4;-5,5;-4,-5;-4,-4;-4,-3;-4,-2;-4,-1;-4,0;-4,1;-4,2;-4,3;-4,4;-4,5;-3,-5;-3,-4;-3,-3;-3,-2;-3,-1;-3,0;-3,1;-3,2;-3,3;-3,4;-3,5;-2,-5;-2,-4;-2,-3;-2,-2;-2,-1;-2,0;-2,1;-2,2;-2,3;-2,4;-2,5;-1,-5;-1,-4;-1,-3;-1,-2;-1,-1;-1,0;-1,1;-1,2;-1,3;-1,4;-1,5;0,-5;0,-4;0,-3;0,-2;0,-1;0,0;0,1;0,2;0,3;0,4;0,5;1,-5;1,-4;1,-3;1,-2;1,-1;1,0;1,1;1,2;1,3;1,4;1,5;2,-5;2,-4;2,-3;2,-2;2,-1;2,0;2,1;2,2;2,3;2,4;2,5;3,-5;3,-4;3,-3;3,-2;3,-1;3,0;3,1;3,2;3,3;3,4;3,5;4,-5;4,-4;4,-3;4,-2;4,-1;4,0;4,1;4,2;4,3;4,4;4,5;5,-5;5,-4;5,-3;5,-2;5,-1;5,0;5,1;5,2;5,3;5,4;5,5
NEW|74|GO9005_LC,TAD_NO_HALO,TAD_NO_UNDERSHOOT_COLUMN,NO_SOC_PHOTOMETRY|648|895|-2,-2;-2,-1;-2,0;-2,1;-2,2;-1,-2;-1,-1;-1,0;-1,1;-1,2;0,-2;0,-1;0,0;0,1;0,2;1,-2;1,-1;1,0;1,1;1,2;2,-2;2,-1;2,0;2,1;2,2
NEW|74|GO9005_LC,TAD_NO_HALO,TAD_NO_UNDERSHOOT_COLUMN,NO_SOC_PHOTOMETRY|698|905|-2,-2;-2,-1;-2,0;-2,1;-2,2;-1,-2;-1,-1;-1,0;-1,1;-1,2;0,-2;0,-1;0,0;0,1;0,2;1,-2;1,-1;1,0;1,1;1,2;2,-2;2,-1;2,0;2,1;2,2
NEW|74|GO9005_LC,TAD_NO_HALO,TAD_NO_UNDERSHOOT_COLUMN,NO_SOC_PHOTOMETRY|638|945|-2,-2;-2,-1;-2,0;-2,1;-2,2;-1,-2;-1,-1;-1,0;-1,1;-1,2;0,-2;0,-1;0,0;0,1;0,2;1,-2;1,-1;1,0;1,1;1,2;2,-2;2,-1;2,0;2,1;2,2
NEW|74|GO9005_LC,TAD_NO_HALO,TAD_NO_UNDERSHOOT_COLUMN,NO_SOC_PHOTOMETRY|688|955|-2,-2;-2,-1;-2,0;-2,1;-2,2;-1,-2;-1,-1;-1,0;-1,1;-1,2;0,-2;0,-1;0,0;0,1;0,2;1,-2;1,-1;1,0;1,1;1,2;2,-2;2,-1;2,0;2,1;2,2
NEW|62|GO9005_LC,TAD_NO_HALO,TAD_NO_UNDERSHOOT_COLUMN,NO_SOC_PHOTOMETRY|489|764|-5,-5;-5,-4;-5,-3;-5,-2;-5,-1;-5,0;-5,1;-5,2;-5,3;-5,4;-5,5;-4,-5;-4,-4;-4,-3;-4,-2;-4,-1;-4,0;-4,1;-4,2;-4,3;-4,4;-4,5;-3,-5;-3,-4;-3,-3;-3,-2;-3,-1;-3,0;-3,1;-3,2;-3,3;-3,4;-3,5;-2,-5;-2,-4;-2,-3;-2,-2;-2,-1;-2,0;-2,1;-2,2;-2,3;-2,4;-2,5;-1,-5;-1,-4;-1,-3;-1,-2;-1,-1;-1,0;-1,1;-1,2;-1,3;-1,4;-1,5;0,-5;0,-4;0,-3;0,-2;0,-1;0,0;0,1;0,2;0,3;0,4;0,5;1,-5;1,-4;1,-3;1,-2;1,-1;1,0;1,1;1,2;1,3;1,4;1,5;2,-5;2,-4;2,-3;2,-2;2,-1;2,0;2,1;2,2;2,3;2,4;2,5;3,-5;3,-4;3,-3;3,-2;3,-1;3,0;3,1;3,2;3,3;3,4;3,5;4,-5;4,-4;4,-3;4,-2;4,-1;4,0;4,1;4,2;4,3;4,4;4,5;5,-5;5,-4;5,-3;5,-2;5,-1;5,0;5,1;5,2;5,3;5,4;5,5
NEW|62|GO9005_LC,TAD_NO_HALO,TAD_NO_UNDERSHOOT_COLUMN,NO_SOC_PHOTOMETRY|469|734|-2,-2;-2,-1;-2,0;-2,1;-2,2;-1,-2;-1,-1;-1,0;-1,1;-1,2;0,-2;0,-1;0,0;0,1;0,2;1,-2;1,-1;1,0;1,1;1,2;2,-2;2,-1;2,0;2,1;2,2
NEW|62|GO9005_LC,TAD_NO_HALO,TAD_NO_UNDERSHOOT_COLUMN,NO_SOC_PHOTOMETRY|519|744|-2,-2;-2,-1;-2,0;-2,1;-2,2;-1,-2;-1,-1;-1,0;-1,1;-1,2;0,-2;0,-1;0,0;0,1;0,2;1,-2;1,-1;1,0;1,1;1,2;2,-2;2,-1;2,0;2,1;2,2
NEW|62|GO9005_LC,TAD_NO_HALO,TAD_NO_UNDERSHOOT_COLUMN,NO_SOC_PHOTOMETRY|459|784|-2,-2;-2,-1;-2,0;-2,1;-2,2;-1,-2;-1,-1;-1,0;-1,1;-1,2;0,-2;0,-1;0,0;0,1;0,2;1,-2;1,-1;1,0;1,1;1,2;2,-2;2,-1;2,0;2,1;2,2
NEW|62|GO9005_LC,TAD_NO_HALO,TAD_NO_UNDERSHOOT_COLUMN,NO_SOC_PHOTOMETRY|509|794|-2,-2;-2,-1;-2,0;-2,1;-2,2;-1,-2;-1,-1;-1,0;-1,1;-1,2;0,-2;0,-1;0,0;0,1;0,2;1,-2;1,-1;1,0;1,1;1,2;2,-2;2,-1;2,0;2,1;2,2
NEW|61|GO9005_LC,TAD_NO_HALO,TAD_NO_UNDERSHOOT_COLUMN,NO_SOC_PHOTOMETRY|226|697|-5,-5;-5,-4;-5,-3;-5,-2;-5,-1;-5,0;-5,1;-5,2;-5,3;-5,4;-5,5;-4,-5;-4,-4;-4,-3;-4,-2;-4,-1;-4,0;-4,1;-4,2;-4,3;-4,4;-4,5;-3,-5;-3,-4;-3,-3;-3,-2;-3,-1;-3,0;-3,1;-3,2;-3,3;-3,4;-3,5;-2,-5;-2,-4;-2,-3;-2,-2;-2,-1;-2,0;-2,1;-2,2;-2,3;-2,4;-2,5;-1,-5;-1,-4;-1,-3;-1,-2;-1,-1;-1,0;-1,1;-1,2;-1,3;-1,4;-1,5;0,-5;0,-4;0,-3;0,-2;0,-1;0,0;0,1;0,2;0,3;0,4;0,5;1,-5;1,-4;1,-3;1,-2;1,-1;1,0;1,1;1,2;1,3;1,4;1,5;2,-5;2,-4;2,-3;2,-2;2,-1;2,0;2,1;2,2;2,3;2,4;2,5;3,-5;3,-4;3,-3;3,-2;3,-1;3,0;3,1;3,2;3,3;3,4;3,5;4,-5;4,-4;4,-3;4,-2;4,-1;4,0;4,1;4,2;4,3;4,4;4,5;5,-5;5,-4;5,-3;5,-2;5,-1;5,0;5,1;5,2;5,3;5,4;5,5
NEW|61|GO9005_LC,TAD_NO_HALO,TAD_NO_UNDERSHOOT_COLUMN,NO_SOC_PHOTOMETRY|206|667|-2,-2;-2,-1;-2,0;-2,1;-2,2;-1,-2;-1,-1;-1,0;-1,1;-1,2;0,-2;0,-1;0,0;0,1;0,2;1,-2;1,-1;1,0;1,1;1,2;2,-2;2,-1;2,0;2,1;2,2
NEW|61|GO9005_LC,TAD_NO_HALO,TAD_NO_UNDERSHOOT_COLUMN,NO_SOC_PHOTOMETRY|256|677|-2,-2;-2,-1;-2,0;-2,1;-2,2;-1,-2;-1,-1;-1,0;-1,1;-1,2;0,-2;0,-1;0,0;0,1;0,2;1,-2;1,-1;1,0;1,1;1,2;2,-2;2,-1;2,0;2,1;2,2
NEW|61|GO9005_LC,TAD_NO_HALO,TAD_NO_UNDERSHOOT_COLUMN,NO_SOC_PHOTOMETRY|196|717|-2,-2;-2,-1;-2,0;-2,1;-2,2;-1,-2;-1,-1;-1,0;-1,1;-1,2;0,-2;0,-1;0,0;0,1;0,2;1,-2;1,-1;1,0;1,1;1,2;2,-2;2,-1;2,0;2,1;2,2
NEW|61|GO9005_LC,TAD_NO_HALO,TAD_NO_UNDERSHOOT_COLUMN,NO_SOC_PHOTOMETRY|246|727|-2,-2;-2,-1;-2,0;-2,1;-2,2;-1,-2;-1,-1;-1,0;-1,1;-1,2;0,-2;0,-1;0,0;0,1;0,2;1,-2;1,-1;1,0;1,1;1,2;2,-2;2,-1;2,0;2,1;2,2
NEW|34|GO9005_LC,TAD_NO_HALO,TAD_NO_UNDERSHOOT_COLUMN,NO_SOC_PHOTOMETRY|802|848|-5,-5;-5,-4;-5,-3;-5,-2;-5,-1;-5,0;-5,1;-5,2;-5,3;-5,4;-5,5;-4,-5;-4,-4;-4,-3;-4,-2;-4,-1;-4,0;-4,1;-4,2;-4,3;-4,4;-4,5;-3,-5;-3,-4;-3,-3;-3,-2;-3,-1;-3,0;-3,1;-3,2;-3,3;-3,4;-3,5;-2,-5;-2,-4;-2,-3;-2,-2;-2,-1;-2,0;-2,1;-2,2;-2,3;-2,4;-2,5;-1,-5;-1,-4;-1,-3;-1,-2;-1,-1;-1,0;-1,1;-1,2;-1,3;-1,4;-1,5;0,-5;0,-4;0,-3;0,-2;0,-1;0,0;0,1;0,2;0,3;0,4;0,5;1,-5;1,-4;1,-3;1,-2;1,-1;1,0;1,1;1,2;1,3;1,4;1,5;2,-5;2,-4;2,-3;2,-2;2,-1;2,0;2,1;2,2;2,3;2,4;2,5;3,-5;3,-4;3,-3;3,-2;3,-1;3,0;3,1;3,2;3,3;3,4;3,5;4,-5;4,-4;4,-3;4,-2;4,-1;4,0;4,1;4,2;4,3;4,4;4,5;5,-5;5,-4;5,-3;5,-2;5,-1;5,0;5,1;5,2;5,3;5,4;5,5
NEW|34|GO9005_LC,TAD_NO_HALO,TAD_NO_UNDERSHOOT_COLUMN,NO_SOC_PHOTOMETRY|782|818|-2,-2;-2,-1;-2,0;-2,1;-2,2;-1,-2;-1,-1;-1,0;-1,1;-1,2;0,-2;0,-1;0,0;0,1;0,2;1,-2;1,-1;1,0;1,1;1,2;2,-2;2,-1;2,0;2,1;2,2
NEW|34|GO9005_LC,TAD_NO_HALO,TAD_NO_UNDERSHOOT_COLUMN,NO_SOC_PHOTOMETRY|832|828|-2,-2;-2,-1;-2,0;-2,1;-2,2;-1,-2;-1,-1;-1,0;-1,1;-1,2;0,-2;0,-1;0,0;0,1;0,2;1,-2;1,-1;1,0;1,1;1,2;2,-2;2,-1;2,0;2,1;2,2
NEW|34|GO9005_LC,TAD_NO_HALO,TAD_NO_UNDERSHOOT_COLUMN,NO_SOC_PHOTOMETRY|772|868|-2,-2;-2,-1;-2,0;-2,1;-2,2;-1,-2;-1,-1;-1,0;-1,1;-1,2;0,-2;0,-1;0,0;0,1;0,2;1,-2;1,-1;1,0;1,1;1,2;2,-2;2,-1;2,0;2,1;2,2
NEW|34|GO9005_LC,TAD_NO_HALO,TAD_NO_UNDERSHOOT_COLUMN,NO_SOC_PHOTOMETRY|822|878|-2,-2;-2,-1;-2,0;-2,1;-2,2;-1,-2;-1,-1;-1,0;-1,1;-1,2;0,-2;0,-1;0,0;0,1;0,2;1,-2;1,-1;1,0;1,1;1,2;2,-2;2,-1;2,0;2,1;2,2
NEW|34|GO9005_LC,TAD_NO_HALO,TAD_NO_UNDERSHOOT_COLUMN,NO_SOC_PHOTOMETRY|530|1084|-5,-5;-5,-4;-5,-3;-5,-2;-5,-1;-5,0;-5,1;-5,2;-5,3;-5,4;-5,5;-4,-5;-4,-4;-4,-3;-4,-2;-4,-1;-4,0;-4,1;-4,2;-4,3;-4,4;-4,5;-3,-5;-3,-4;-3,-3;-3,-2;-3,-1;-3,0;-3,1;-3,2;-3,3;-3,4;-3,5;-2,-5;-2,-4;-2,-3;-2,-2;-2,-1;-2,0;-2,1;-2,2;-2,3;-2,4;-2,5;-1,-5;-1,-4;-1,-3;-1,-2;-1,-1;-1,0;-1,1;-1,2;-1,3;-1,4;-1,5;0,-5;0,-4;0,-3;0,-2;0,-1;0,0;0,1;0,2;0,3;0,4;0,5;1,-5;1,-4;1,-3;1,-2;1,-1;1,0;1,1;1,2;1,3;1,4;1,5;2,-5;2,-4;2,-3;2,-2;2,-1;2,0;2,1;2,2;2,3;2,4;2,5;3,-5;3,-4;3,-3;3,-2;3,-1;3,0;3,1;3,2;3,3;3,4;3,5;4,-5;4,-4;4,-3;4,-2;4,-1;4,0;4,1;4,2;4,3;4,4;4,5;5,-5;5,-4;5,-3;5,-2;5,-1;5,0;5,1;5,2;5,3;5,4;5,5
NEW|34|GO9005_LC,TAD_NO_HALO,TAD_NO_UNDERSHOOT_COLUMN,NO_SOC_PHOTOMETRY|510|1054|-2,-2;-2,-1;-2,0;-2,1;-2,2;-1,-2;-1,-1;-1,0;-1,1;-1,2;0,-2;0,-1;0,0;0,1;0,2;1,-2;1,-1;1,0;1,1;1,2;2,-2;2,-1;2,0;2,1;2,2
NEW|34|GO9005_LC,TAD_NO_HALO,TAD_NO_UNDERSHOOT_COLUMN,NO_SOC_PHOTOMETRY|560|1064|-2,-2;-2,-1;-2,0;-2,1;-2,2;-1,-2;-1,-1;-1,0;-1,1;-1,2;0,-2;0,-1;0,0;0,1;0,2;1,-2;1,-1;1,0;1,1;1,2;2,-2;2,-1;2,0;2,1;2,2
NEW|34|GO9005_LC,TAD_NO_HALO,TAD_NO_UNDERSHOOT_COLUMN,NO_SOC_PHOTOMETRY|500|1104|-2,-2;-2,-1;-2,0;-2,1;-2,2;-1,-2;-1,-1;-1,0;-1,1;-1,2;0,-2;0,-1;0,0;0,1;0,2;1,-2;1,-1;1,0;1,1;1,2;2,-2;2,-1;2,0;2,1;2,2
NEW|35|GO9005_LC,TAD_NO_HALO,TAD_NO_UNDERSHOOT_COLUMN,NO_SOC_PHOTOMETRY|579|1062|-5,-5;-5,-4;-5,-3;-5,-2;-5,-1;-5,0;-5,1;-5,2;-5,3;-5,4;-5,5;-4,-5;-4,-4;-4,-3;-4,-2;-4,-1;-4,0;-4,1;-4,2;-4,3;-4,4;-4,5;-3,-5;-3,-4;-3,-3;-3,-2;-3,-1;-3,0;-3,1;-3,2;-3,3;-3,4;-3,5;-2,-5;-2,-4;-2,-3;-2,-2;-2,-1;-2,0;-2,1;-2,2;-2,3;-2,4;-2,5;-1,-5;-1,-4;-1,-3;-1,-2;-1,-1;-1,0;-1,1;-1,2;-1,3;-1,4;-1,5;0,-5;0,-4;0,-3;0,-2;0,-1;0,0;0,1;0,2;0,3;0,4;0,5;1,-5;1,-4;1,-3;1,-2;1,-1;1,0;1,1;1,2;1,3;1,4;1,5;2,-5;2,-4;2,-3;2,-2;2,-1;2,0;2,1;2,2;2,3;2,4;2,5;3,-5;3,-4;3,-3;3,-2;3,-1;3,0;3,1;3,2;3,3;3,4;3,5;4,-5;4,-4;4,-3;4,-2;4,-1;4,0;4,1;4,2;4,3;4,4;4,5;5,-5;5,-4;5,-3;5,-2;5,-1;5,0;5,1;5,2;5,3;5,4;5,5
NEW|35|GO9005_LC,TAD_NO_HALO,TAD_NO_UNDERSHOOT_COLUMN,NO_SOC_PHOTOMETRY|559|1032|-2,-2;-2,-1;-2,0;-2,1;-2,2;-1,-2;-1,-1;-1,0;-1,1;-1,2;0,-2;0,-1;0,0;0,1;0,2;1,-2;1,-1;1,0;1,1;1,2;2,-2;2,-1;2,0;2,1;2,2
NEW|35|GO9005_LC,TAD_NO_HALO,TAD_NO_UNDERSHOOT_COLUMN,NO_SOC_PHOTOMETRY|609|1042|-2,-2;-2,-1;-2,0;-2,1;-2,2;-1,-2;-1,-1;-1,0;-1,1;-1,2;0,-2;0,-1;0,0;0,1;0,2;1,-2;1,-1;1,0;1,1;1,2;2,-2;2,-1;2,0;2,1;2,2
NEW|35|GO9005_LC,TAD_NO_HALO,TAD_NO_UNDERSHOOT_COLUMN,NO_SOC_PHOTOMETRY|549|1082|-2,-2;-2,-1;-2,0;-2,1;-2,2;-1,-2;-1,-1;-1,0;-1,1;-1,2;0,-2;0,-1;0,0;0,1;0,2;1,-2;1,-1;1,0;1,1;1,2;2,-2;2,-1;2,0;2,1;2,2
NEW|35|GO9005_LC,TAD_NO_HALO,TAD_NO_UNDERSHOOT_COLUMN,NO_SOC_PHOTOMETRY|599|1092|-2,-2;-2,-1;-2,0;-2,1;-2,2;-1,-2;-1,-1;-1,0;-1,1;-1,2;0,-2;0,-1;0,0;0,1;0,2;1,-2;1,-1;1,0;1,1;1,2;2,-2;2,-1;2,0;2,1;2,2
NEW|36|GO9005_LC,TAD_NO_HALO,TAD_NO_UNDERSHOOT_COLUMN,NO_SOC_PHOTOMETRY|635|804|-5,-5;-5,-4;-5,-3;-5,-2;-5,-1;-5,0;-5,1;-5,2;-5,3;-5,4;-5,5;-4,-5;-4,-4;-4,-3;-4,-2;-4,-1;-4,0;-4,1;-4,2;-4,3;-4,4;-4,5;-3,-5;-3,-4;-3,-3;-3,-2;-3,-1;-3,0;-3,1;-3,2;-3,3;-3,4;-3,5;-2,-5;-2,-4;-2,-3;-2,-2;-2,-1;-2,0;-2,1;-2,2;-2,3;-2,4;-2,5;-1,-5;-1,-4;-1,-3;-1,-2;-1,-1;-1,0;-1,1;-1,2;-1,3;-1,4;-1,5;0,-5;0,-4;0,-3;0,-2;0,-1;0,0;0,1;0,2;0,3;0,4;0,5;1,-5;1,-4;1,-3;1,-2;1,-1;1,0;1,1;1,2;1,3;1,4;1,5;2,-5;2,-4;2,-3;2,-2;2,-1;2,0;2,1;2,2;2,3;2,4;2,5;3,-5;3,-4;3,-3;3,-2;3,-1;3,0;3,1;3,2;3,3;3,4;3,5;4,-5;4,-4;4,-3;4,-2;4,-1;4,0;4,1;4,2;4,3;4,4;4,5;5,-5;5,-4;5,-3;5,-2;5,-1;5,0;5,1;5,2;5,3;5,4;5,5
NEW|36|GO9005_LC,TAD_NO_HALO,TAD_NO_UNDERSHOOT_COLUMN,NO_SOC_PHOTOMETRY|615|774|-2,-2;-2,-1;-2,0;-2,1;-2,2;-1,-2;-1,-1;-1,0;-1,1;-1,2;0,-2;0,-1;0,0;0,1;0,2;1,-2;1,-1;1,0;1,1;1,2;2,-2;2,-1;2,0;2,1;2,2
NEW|36|GO9005_LC,TAD_NO_HALO,TAD_NO_UNDERSHOOT_COLUMN,NO_SOC_PHOTOMETRY|665|784|-2,-2;-2,-1;-2,0;-2,1;-2,2;-1,-2;-1,-1;-1,0;-1,1;-1,2;0,-2;0,-1;0,0;0,1;0,2;1,-2;1,-1;1,0;1,1;1,2;2,-2;2,-1;2,0;2,1;2,2
NEW|36|GO9005_LC,TAD_NO_HALO,TAD_NO_UNDERSHOOT_COLUMN,NO_SOC_PHOTOMETRY|605|824|-2,-2;-2,-1;-2,0;-2,1;-2,2;-1,-2;-1,-1;-1,0;-1,1;-1,2;0,-2;0,-1;0,0;0,1;0,2;1,-2;1,-1;1,0;1,1;1,2;2,-2;2,-1;2,0;2,1;2,2
NEW|36|GO9005_LC,TAD_NO_HALO,TAD_NO_UNDERSHOOT_COLUMN,NO_SOC_PHOTOMETRY|655|834|-2,-2;-2,-1;-2,0;-2,1;-2,2;-1,-2;-1,-1;-1,0;-1,1;-1,2;0,-2;0,-1;0,0;0,1;0,2;1,-2;1,-1;1,0;1,1;1,2;2,-2;2,-1;2,0;2,1;2,2
NEW|13|GO9005_LC,TAD_NO_HALO,TAD_NO_UNDERSHOOT_COLUMN,NO_SOC_PHOTOMETRY|466|624|-5,-5;-5,-4;-5,-3;-5,-2;-5,-1;-5,0;-5,1;-5,2;-5,3;-5,4;-5,5;-4,-5;-4,-4;-4,-3;-4,-2;-4,-1;-4,0;-4,1;-4,2;-4,3;-4,4;-4,5;-3,-5;-3,-4;-3,-3;-3,-2;-3,-1;-3,0;-3,1;-3,2;-3,3;-3,4;-3,5;-2,-5;-2,-4;-2,-3;-2,-2;-2,-1;-2,0;-2,1;-2,2;-2,3;-2,4;-2,5;-1,-5;-1,-4;-1,-3;-1,-2;-1,-1;-1,0;-1,1;-1,2;-1,3;-1,4;-1,5;0,-5;0,-4;0,-3;0,-2;0,-1;0,0;0,1;0,2;0,3;0,4;0,5;1,-5;1,-4;1,-3;1,-2;1,-1;1,0;1,1;1,2;1,3;1,4;1,5;2,-5;2,-4;2,-3;2,-2;2,-1;2,0;2,1;2,2;2,3;2,4;2,5;3,-5;3,-4;3,-3;3,-2;3,-1;3,0;3,1;3,2;3,3;3,4;3,5;4,-5;4,-4;4,-3;4,-2;4,-1;4,0;4,1;4,2;4,3;4,4;4,5;5,-5;5,-4;5,-3;5,-2;5,-1;5,0;5,1;5,2;5,3;5,4;5,5
NEW|13|GO9005_LC,TAD_NO_HALO,TAD_NO_UNDERSHOOT_COLUMN,NO_SOC_PHOTOMETRY|446|594|-2,-2;-2,-1;-2,0;-2,1;-2,2;-1,-2;-1,-1;-1,0;-1,1;-1,2;0,-2;0,-1;0,0;0,1;0,2;1,-2;1,-1;1,0;1,1;1,2;2,-2;2,-1;2,0;2,1;2,2
NEW|13|GO9005_LC,TAD_NO_HALO,TAD_NO_UNDERSHOOT_COLUMN,NO_SOC_PHOTOMETRY|496|604|-2,-2;-2,-1;-2,0;-2,1;-2,2;-1,-2;-1,-1;-1,0;-1,1;-1,2;0,-2;0,-1;0,0;0,1;0,2;1,-2;1,-1;1,0;1,1;1,2;2,-2;2,-1;2,0;2,1;2,2
NEW|13|GO9005_LC,TAD_NO_HALO,TAD_NO_UNDERSHOOT_COLUMN,NO_SOC_PHOTOMETRY|436|644|-2,-2;-2,-1;-2,0;-2,1;-2,2;-1,-2;-1,-1;-1,0;-1,1;-1,2;0,-2;0,-1;0,0;0,1;0,2;1,-2;1,-1;1,0;1,1;1,2;2,-2;2,-1;2,0;2,1;2,2
NEW|13|GO9005_LC,TAD_NO_HALO,TAD_NO_UNDERSHOOT_COLUMN,NO_SOC_PHOTOMETRY|486|654|-2,-2;-2,-1;-2,0;-2,1;-2,2;-1,-2;-1,-1;-1,0;-1,1;-1,2;0,-2;0,-1;0,0;0,1;0,2;1,-2;1,-1;1,0;1,1;1,2;2,-2;2,-1;2,0;2,1;2,2
NEW|57|GO9005_LC,TAD_NO_HALO,TAD_NO_UNDERSHOOT_COLUMN,NO_SOC_PHOTOMETRY|44|455|-5,-5;-5,-4;-5,-3;-5,-2;-5,-1;-5,0;-5,1;-5,2;-5,3;-5,4;-5,5;-4,-5;-4,-4;-4,-3;-4,-2;-4,-1;-4,0;-4,1;-4,2;-4,3;-4,4;-4,5;-3,-5;-3,-4;-3,-3;-3,-2;-3,-1;-3,0;-3,1;-3,2;-3,3;-3,4;-3,5;-2,-5;-2,-4;-2,-3;-2,-2;-2,-1;-2,0;-2,1;-2,2;-2,3;-2,4;-2,5;-1,-5;-1,-4;-1,-3;-1,-2;-1,-1;-1,0;-1,1;-1,2;-1,3;-1,4;-1,5;0,-5;0,-4;0,-3;0,-2;0,-1;0,0;0,1;0,2;0,3;0,4;0,5;1,-5;1,-4;1,-3;1,-2;1,-1;1,0;1,1;1,2;1,3;1,4;1,5;2,-5;2,-4;2,-3;2,-2;2,-1;2,0;2,1;2,2;2,3;2,4;2,5;3,-5;3,-4;3,-3;3,-2;3,-1;3,0;3,1;3,2;3,3;3,4;3,5;4,-5;4,-4;4,-3;4,-2;4,-1;4,0;4,1;4,2;4,3;4,4;4,5;5,-5;5,-4;5,-3;5,-2;5,-1;5,0;5,1;5,2;5,3;5,4;5,5
NEW|57|GO9005_LC,TAD_NO_HALO,TAD_NO_UNDERSHOOT_COLUMN,NO_SOC_PHOTOMETRY|24|425|-2,-2;-2,-1;-2,0;-2,1;-2,2;-1,-2;-1,-1;-1,0;-1,1;-1,2;0,-2;0,-1;0,0;0,1;0,2;1,-2;1,-1;1,0;1,1;1,2;2,-2;2,-1;2,0;2,1;2,2
NEW|57|GO9005_LC,TAD_NO_HALO,TAD_NO_UNDERSHOOT_COLUMN,NO_SOC_PHOTOMETRY|74|435|-2,-2;-2,-1;-2,0;-2,1;-2,2;-1,-2;-1,-1;-1,0;-1,1;-1,2;0,-2;0,-1;0,0;0,1;0,2;1,-2;1,-1;1,0;1,1;1,2;2,-2;2,-1;2,0;2,1;2,2
NEW|57|GO9005_LC,TAD_NO_HALO,TAD_NO_UNDERSHOOT_COLUMN,NO_SOC_PHOTOMETRY|64|485|-2,-2;-2,-1;-2,0;-2,1;-2,2;-1,-2;-1,-1;-1,0;-1,1;-1,2;0,-2;0,-1;0,0;0,1;0,2;1,-2;1,-1;1,0;1,1;1,2;2,-2;2,-1;2,0;2,1;2,2
NEW|16|GO9005_LC,TAD_NO_HALO,TAD_NO_UNDERSHOOT_COLUMN,NO_SOC_PHOTOMETRY|361|1056|-5,-5;-5,-4;-5,-3;-5,-2;-5,-1;-5,0;-5,1;-5,2;-5,3;-5,4;-5,5;-4,-5;-4,-4;-4,-3;-4,-2;-4,-1;-4,0;-4,1;-4,2;-4,3;-4,4;-4,5;-3,-5;-3,-4;-3,-3;-3,-2;-3,-1;-3,0;-3,1;-3,2;-3,3;-3,4;-3,5;-2,-5;-2,-4;-2,-3;-2,-2;-2,-1;-2,0;-2,1;-2,2;-2,3;-2,4;-2,5;-1,-5;-1,-4;-1,-3;-1,-2;-1,-1;-1,0;-1,1;-1,2;-1,3;-1,4;-1,5;0,-5;0,-4;0,-3;0,-2;0,-1;0,0;0,1;0,2;0,3;0,4;0,5;1,-5;1,-4;1,-3;1,-2;1,-1;1,0;1,1;1,2;1,3;1,4;1,5;2,-5;2,-4;2,-3;2,-2;2,-1;2,0;2,1;2,2;2,3;2,4;2,5;3,-5;3,-4;3,-3;3,-2;3,-1;3,0;3,1;3,2;3,3;3,4;3,5;4,-5;4,-4;4,-3;4,-2;4,-1;4,0;4,1;4,2;4,3;4,4;4,5;5,-5;5,-4;5,-3;5,-2;5,-1;5,0;5,1;5,2;5,3;5,4;5,5
NEW|16|GO9005_LC,TAD_NO_HALO,TAD_NO_UNDERSHOOT_COLUMN,NO_SOC_PHOTOMETRY|341|1026|-2,-2;-2,-1;-2,0;-2,1;-2,2;-1,-2;-1,-1;-1,0;-1,1;-1,2;0,-2;0,-1;0,0;0,1;0,2;1,-2;1,-1;1,0;1,1;1,2;2,-2;2,-1;2,0;2,1;2,2
NEW|16|GO9005_LC,TAD_NO_HALO,TAD_NO_UNDERSHOOT_COLUMN,NO_SOC_PHOTOMETRY|391|1036|-2,-2;-2,-1;-2,0;-2,1;-2,2;-1,-2;-1,-1;-1,0;-1,1;-1,2;0,-2;0,-1;0,0;0,1;0,2;1,-2;1,-1;1,0;1,1;1,2;2,-2;2,-1;2,0;2,1;2,2
NEW|16|GO9005_LC,TAD_NO_HALO,TAD_NO_UNDERSHOOT_COLUMN,NO_SOC_PHOTOMETRY|331|1076|-2,-2;-2,-1;-2,0;-2,1;-2,2;-1,-2;-1,-1;-1,0;-1,1;-1,2;0,-2;0,-1;0,0;0,1;0,2;1,-2;1,-1;1,0;1,1;1,2;2,-2;2,-1;2,0;2,1;2,2
NEW|16|GO9005_LC,TAD_NO_HALO,TAD_NO_UNDERSHOOT_COLUMN,NO_SOC_PHOTOMETRY|381|1086|-2,-2;-2,-1;-2,0;-2,1;-2,2;-1,-2;-1,-1;-1,0;-1,1;-1,2;0,-2;0,-1;0,0;0,1;0,2;1,-2;1,-1;1,0;1,1;1,2;2,-2;2,-1;2,0;2,1;2,2
NEW|75|GO9005_LC,TAD_NO_HALO,TAD_NO_UNDERSHOOT_COLUMN,NO_SOC_PHOTOMETRY|596|629|-5,-5;-5,-4;-5,-3;-5,-2;-5,-1;-5,0;-5,1;-5,2;-5,3;-5,4;-5,5;-4,-5;-4,-4;-4,-3;-4,-2;-4,-1;-4,0;-4,1;-4,2;-4,3;-4,4;-4,5;-3,-5;-3,-4;-3,-3;-3,-2;-3,-1;-3,0;-3,1;-3,2;-3,3;-3,4;-3,5;-2,-5;-2,-4;-2,-3;-2,-2;-2,-1;-2,0;-2,1;-2,2;-2,3;-2,4;-2,5;-1,-5;-1,-4;-1,-3;-1,-2;-1,-1;-1,0;-1,1;-1,2;-1,3;-1,4;-1,5;0,-5;0,-4;0,-3;0,-2;0,-1;0,0;0,1;0,2;0,3;0,4;0,5;1,-5;1,-4;1,-3;1,-2;1,-1;1,0;1,1;1,2;1,3;1,4;1,5;2,-5;2,-4;2,-3;2,-2;2,-1;2,0;2,1;2,2;2,3;2,4;2,5;3,-5;3,-4;3,-3;3,-2;3,-1;3,0;3,1;3,2;3,3;3,4;3,5;4,-5;4,-4;4,-3;4,-2;4,-1;4,0;4,1;4,2;4,3;4,4;4,5;5,-5;5,-4;5,-3;5,-2;5,-1;5,0;5,1;5,2;5,3;5,4;5,5
NEW|75|GO9005_LC,TAD_NO_HALO,TAD_NO_UNDERSHOOT_COLUMN,NO_SOC_PHOTOMETRY|576|599|-2,-2;-2,-1;-2,0;-2,1;-2,2;-1,-2;-1,-1;-1,0;-1,1;-1,2;0,-2;0,-1;0,0;0,1;0,2;1,-2;1,-1;1,0;1,1;1,2;2,-2;2,-1;2,0;2,1;2,2
NEW|75|GO9005_LC,TAD_NO_HALO,TAD_NO_UNDERSHOOT_COLUMN,NO_SOC_PHOTOMETRY|626|609|-2,-2;-2,-1;-2,0;-2,1;-2,2;-1,-2;-1,-1;-1,0;-1,1;-1,2;0,-2;0,-1;0,0;0,1;0,2;1,-2;1,-1;1,0;1,1;1,2;2,-2;2,-1;2,0;2,1;2,2
NEW|75|GO9005_LC,TAD_NO_HALO,TAD_NO_UNDERSHOOT_COLUMN,NO_SOC_PHOTOMETRY|566|649|-2,-2;-2,-1;-2,0;-2,1;-2,2;-1,-2;-1,-1;-1,0;-1,1;-1,2;0,-2;0,-1;0,0;0,1;0,2;1,-2;1,-1;1,0;1,1;1,2;2,-2;2,-1;2,0;2,1;2,2
NEW|75|GO9005_LC,TAD_NO_HALO,TAD_NO_UNDERSHOOT_COLUMN,NO_SOC_PHOTOMETRY|616|659|-2,-2;-2,-1;-2,0;-2,1;-2,2;-1,-2;-1,-1;-1,0;-1,1;-1,2;0,-2;0,-1;0,0;0,1;0,2;1,-2;1,-1;1,0;1,1;1,2;2,-2;2,-1;2,0;2,1;2,2
NEW|33|GO9005_LC,TAD_NO_HALO,TAD_NO_UNDERSHOOT_COLUMN,NO_SOC_PHOTOMETRY|342|1033|-5,-5;-5,-4;-5,-3;-5,-2;-5,-1;-5,0;-5,1;-5,2;-5,3;-5,4;-5,5;-4,-5;-4,-4;-4,-3;-4,-2;-4,-1;-4,0;-4,1;-4,2;-4,3;-4,4;-4,5;-3,-5;-3,-4;-3,-3;-3,-2;-3,-1;-3,0;-3,1;-3,2;-3,3;-3,4;-3,5;-2,-5;-2,-4;-2,-3;-2,-2;-2,-1;-2,0;-2,1;-2,2;-2,3;-2,4;-2,5;-1,-5;-1,-4;-1,-3;-1,-2;-1,-1;-1,0;-1,1;-1,2;-1,3;-1,4;-1,5;0,-5;0,-4;0,-3;0,-2;0,-1;0,0;0,1;0,2;0,3;0,4;0,5;1,-5;1,-4;1,-3;1,-2;1,-1;1,0;1,1;1,2;1,3;1,4;1,5;2,-5;2,-4;2,-3;2,-2;2,-1;2,0;2,1;2,2;2,3;2,4;2,5;3,-5;3,-4;3,-3;3,-2;3,-1;3,0;3,1;3,2;3,3;3,4;3,5;4,-5;4,-4;4,-3;4,-2;4,-1;4,0;4,1;4,2;4,3;4,4;4,5;5,-5;5,-4;5,-3;5,-2;5,-1;5,0;5,1;5,2;5,3;5,4;5,5
NEW|33|GO9005_LC,TAD_NO_HALO,TAD_NO_UNDERSHOOT_COLUMN,NO_SOC_PHOTOMETRY|322|1003|-2,-2;-2,-1;-2,0;-2,1;-2,2;-1,-2;-1,-1;-1,0;-1,1;-1,2;0,-2;0,-1;0,0;0,1;0,2;1,-2;1,-1;1,0;1,1;1,2;2,-2;2,-1;2,0;2,1;2,2
NEW|33|GO9005_LC,TAD_NO_HALO,TAD_NO_UNDERSHOOT_COLUMN,NO_SOC_PHOTOMETRY|372|1013|-2,-2;-2,-1;-2,0;-2,1;-2,2;-1,-2;-1,-1;-1,0;-1,1;-1,2;0,-2;0,-1;0,0;0,1;0,2;1,-2;1,-1;1,0;1,1;1,2;2,-2;2,-1;2,0;2,1;2,2
NEW|33|GO9005_LC,TAD_NO_HALO,TAD_NO_UNDERSHOOT_COLUMN,NO_SOC_PHOTOMETRY|312|1053|-2,-2;-2,-1;-2,0;-2,1;-2,2;-1,-2;-1,-1;-1,0;-1,1;-1,2;0,-2;0,-1;0,0;0,1;0,2;1,-2;1,-1;1,0;1,1;1,2;2,-2;2,-1;2,0;2,1;2,2
NEW|33|GO9005_LC,TAD_NO_HALO,TAD_NO_UNDERSHOOT_COLUMN,NO_SOC_PHOTOMETRY|362|1063|-2,-2;-2,-1;-2,0;-2,1;-2,2;-1,-2;-1,-1;-1,0;-1,1;-1,2;0,-2;0,-1;0,0;0,1;0,2;1,-2;1,-1;1,0;1,1;1,2;2,-2;2,-1;2,0;2,1;2,2
NEW|13|GO9005_LC,TAD_NO_HALO,TAD_NO_UNDERSHOOT_COLUMN,NO_SOC_PHOTOMETRY|374|153|-5,-5;-5,-4;-5,-3;-5,-2;-5,-1;-5,0;-5,1;-5,2;-5,3;-5,4;-5,5;-4,-5;-4,-4;-4,-3;-4,-2;-4,-1;-4,0;-4,1;-4,2;-4,3;-4,4;-4,5;-3,-5;-3,-4;-3,-3;-3,-2;-3,-1;-3,0;-3,1;-3,2;-3,3;-3,4;-3,5;-2,-5;-2,-4;-2,-3;-2,-2;-2,-1;-2,0;-2,1;-2,2;-2,3;-2,4;-2,5;-1,-5;-1,-4;-1,-3;-1,-2;-1,-1;-1,0;-1,1;-1,2;-1,3;-1,4;-1,5;0,-5;0,-4;0,-3;0,-2;0,-1;0,0;0,1;0,2;0,3;0,4;0,5;1,-5;1,-4;1,-3;1,-2;1,-1;1,0;1,1;1,2;1,3;1,4;1,5;2,-5;2,-4;2,-3;2,-2;2,-1;2,0;2,1;2,2;2,3;2,4;2,5;3,-5;3,-4;3,-3;3,-2;3,-1;3,0;3,1;3,2;3,3;3,4;3,5;4,-5;4,-4;4,-3;4,-2;4,-1;4,0;4,1;4,2;4,3;4,4;4,5;5,-5;5,-4;5,-3;5,-2;5,-1;5,0;5,1;5,2;5,3;5,4;5,5
NEW|13|GO9005_LC,TAD_NO_HALO,TAD_NO_UNDERSHOOT_COLUMN,NO_SOC_PHOTOMETRY|354|123|-2,-2;-2,-1;-2,0;-2,1;-2,2;-1,-2;-1,-1;-1,0;-1,1;-1,2;0,-2;0,-1;0,0;0,1;0,2;1,-2;1,-1;1,0;1,1;1,2;2,-2;2,-1;2,0;2,1;2,2
NEW|13|GO9005_LC,TAD_NO_HALO,TAD_NO_UNDERSHOOT_COLUMN,NO_SOC_PHOTOMETRY|404|133|-2,-2;-2,-1;-2,0;-2,1;-2,2;-1,-2;-1,-1;-1,0;-1,1;-1,2;0,-2;0,-1;0,0;0,1;0,2;1,-2;1,-1;1,0;1,1;1,2;2,-2;2,-1;2,0;2,1;2,2
NEW|13|GO9005_LC,TAD_NO_HALO,TAD_NO_UNDERSHOOT_COLUMN,NO_SOC_PHOTOMETRY|344|173|-2,-2;-2,-1;-2,0;-2,1;-2,2;-1,-2;-1,-1;-1,0;-1,1;-1,2;0,-2;0,-1;0,0;0,1;0,2;1,-2;1,-1;1,0;1,1;1,2;2,-2;2,-1;2,0;2,1;2,2
NEW|13|GO9005_LC,TAD_NO_HALO,TAD_NO_UNDERSHOOT_COLUMN,NO_SOC_PHOTOMETRY|394|183|-2,-2;-2,-1;-2,0;-2,1;-2,2;-1,-2;-1,-1;-1,0;-1,1;-1,2;0,-2;0,-1;0,0;0,1;0,2;1,-2;1,-1;1,0;1,1;1,2;2,-2;2,-1;2,0;2,1;2,2
NEW|13|GO9005_LC,TAD_NO_HALO,TAD_NO_UNDERSHOOT_COLUMN,NO_SOC_PHOTOMETRY|246|1030|-5,-5;-5,-4;-5,-3;-5,-2;-5,-1;-5,0;-5,1;-5,2;-5,3;-5,4;-5,5;-4,-5;-4,-4;-4,-3;-4,-2;-4,-1;-4,0;-4,1;-4,2;-4,3;-4,4;-4,5;-3,-5;-3,-4;-3,-3;-3,-2;-3,-1;-3,0;-3,1;-3,2;-3,3;-3,4;-3,5;-2,-5;-2,-4;-2,-3;-2,-2;-2,-1;-2,0;-2,1;-2,2;-2,3;-2,4;-2,5;-1,-5;-1,-4;-1,-3;-1,-2;-1,-1;-1,0;-1,1;-1,2;-1,3;-1,4;-1,5;0,-5;0,-4;0,-3;0,-2;0,-1;0,0;0,1;0,2;0,3;0,4;0,5;1,-5;1,-4;1,-3;1,-2;1,-1;1,0;1,1;1,2;1,3;1,4;1,5;2,-5;2,-4;2,-3;2,-2;2,-1;2,0;2,1;2,2;2,3;2,4;2,5;3,-5;3,-4;3,-3;3,-2;3,-1;3,0;3,1;3,2;3,3;3,4;3,5;4,-5;4,-4;4,-3;4,-2;4,-1;4,0;4,1;4,2;4,3;4,4;4,5;5,-5;5,-4;5,-3;5,-2;5,-1;5,0;5,1;5,2;5,3;5,4;5,5
NEW|13|GO9005_LC,TAD_NO_HALO,TAD_NO_UNDERSHOOT_COLUMN,NO_SOC_PHOTOMETRY|226|1000|-2,-2;-2,-1;-2,0;-2,1;-2,2;-1,-2;-1,-1;-1,0;-1,1;-1,2;0,-2;0,-1;0,0;0,1;0,2;1,-2;1,-1;1,0;1,1;1,2;2,-2;2,-1;2,0;2,1;2,2
NEW|13|GO9005_LC,TAD_NO_HALO,TAD_NO_UNDERSHOOT_COLUMN,NO_SOC_PHOTOMETRY|276|1010|-2,-2;-2,-1;-2,0;-2,1;-2,2;-1,-2;-1,-1;-1,0;-1,1;-1,2;0,-2;0,-1;0,0;0,1;0,2;1,-2;1,-1;1,0;1,1;1,2;2,-2;2,-1;2,0;2,1;2,2
NEW|13|GO9005_LC,TAD_NO_HALO,TAD_NO_UNDERSHOOT_COLUMN,NO_SOC_PHOTOMETRY|216|1050|-2,-2;-2,-1;-2,0;-2,1;-2,2;-1,-2;-1,-1;-1,0;-1,1;-1,2;0,-2;0,-1;0,0;0,1;0,2;1,-2;1,-1;1,0;1,1;1,2;2,-2;2,-1;2,0;2,1;2,2
NEW|13|GO9005_LC,TAD_NO_HALO,TAD_NO_UNDERSHOOT_COLUMN,NO_SOC_PHOTOMETRY|266|1060|-2,-2;-2,-1;-2,0;-2,1;-2,2;-1,-2;-1,-1;-1,0;-1,1;-1,2;0,-2;0,-1;0,0;0,1;0,2;1,-2;1,-1;1,0;1,1;1,2;2,-2;2,-1;2,0;2,1;2,2
NEW|36|GO9005_LC,TAD_NO_HALO,TAD_NO_UNDERSHOOT_COLUMN,NO_SOC_PHOTOMETRY|642|965|-5,-5;-5,-4;-5,-3;-5,-2;-5,-1;-5,0;-5,1;-5,2;-5,3;-5,4;-5,5;-4,-5;-4,-4;-4,-3;-4,-2;-4,-1;-4,0;-4,1;-4,2;-4,3;-4,4;-4,5;-3,-5;-3,-4;-3,-3;-3,-2;-3,-1;-3,0;-3,1;-3,2;-3,3;-3,4;-3,5;-2,-5;-2,-4;-2,-3;-2,-2;-2,-1;-2,0;-2,1;-2,2;-2,3;-2,4;-2,5;-1,-5;-1,-4;-1,-3;-1,-2;-1,-1;-1,0;-1,1;-1,2;-1,3;-1,4;-1,5;0,-5;0,-4;0,-3;0,-2;0,-1;0,0;0,1;0,2;0,3;0,4;0,5;1,-5;1,-4;1,-3;1,-2;1,-1;1,0;1,1;1,2;1,3;1,4;1,5;2,-5;2,-4;2,-3;2,-2;2,-1;2,0;2,1;2,2;2,3;2,4;2,5;3,-5;3,-4;3,-3;3,-2;3,-1;3,0;3,1;3,2;3,3;3,4;3,5;4,-5;4,-4;4,-3;4,-2;4,-1;4,0;4,1;4,2;4,3;4,4;4,5;5,-5;5,-4;5,-3;5,-2;5,-1;5,0;5,1;5,2;5,3;5,4;5,5
NEW|36|GO9005_LC,TAD_NO_HALO,TAD_NO_UNDERSHOOT_COLUMN,NO_SOC_PHOTOMETRY|622|935|-2,-2;-2,-1;-2,0;-2,1;-2,2;-1,-2;-1,-1;-1,0;-1,1;-1,2;0,-2;0,-1;0,0;0,1;0,2;1,-2;1,-1;1,0;1,1;1,2;2,-2;2,-1;2,0;2,1;2,2
NEW|36|GO9005_LC,TAD_NO_HALO,TAD_NO_UNDERSHOOT_COLUMN,NO_SOC_PHOTOMETRY|672|945|-2,-2;-2,-1;-2,0;-2,1;-2,2;-1,-2;-1,-1;-1,0;-1,1;-1,2;0,-2;0,-1;0,0;0,1;0,2;1,-2;1,-1;1,0;1,1;1,2;2,-2;2,-1;2,0;2,1;2,2
NEW|36|GO9005_LC,TAD_NO_HALO,TAD_NO_UNDERSHOOT_COLUMN,NO_SOC_PHOTOMETRY|612|985|-2,-2;-2,-1;-2,0;-2,1;-2,2;-1,-2;-1,-1;-1,0;-1,1;-1,2;0,-2;0,-1;0,0;0,1;0,2;1,-2;1,-1;1,0;1,1;1,2;2,-2;2,-1;2,0;2,1;2,2
NEW|36|GO9005_LC,TAD_NO_HALO,TAD_NO_UNDERSHOOT_COLUMN,NO_SOC_PHOTOMETRY|662|995|-2,-2;-2,-1;-2,0;-2,1;-2,2;-1,-2;-1,-1;-1,0;-1,1;-1,2;0,-2;0,-1;0,0;0,1;0,2;1,-2;1,-1;1,0;1,1;1,2;2,-2;2,-1;2,0;2,1;2,2
NEW|64|GO9005_LC,TAD_NO_HALO,TAD_NO_UNDERSHOOT_COLUMN,NO_SOC_PHOTOMETRY|227|935|-5,-5;-5,-4;-5,-3;-5,-2;-5,-1;-5,0;-5,1;-5,2;-5,3;-5,4;-5,5;-4,-5;-4,-4;-4,-3;-4,-2;-4,-1;-4,0;-4,1;-4,2;-4,3;-4,4;-4,5;-3,-5;-3,-4;-3,-3;-3,-2;-3,-1;-3,0;-3,1;-3,2;-3,3;-3,4;-3,5;-2,-5;-2,-4;-2,-3;-2,-2;-2,-1;-2,0;-2,1;-2,2;-2,3;-2,4;-2,5;-1,-5;-1,-4;-1,-3;-1,-2;-1,-1;-1,0;-1,1;-1,2;-1,3;-1,4;-1,5;0,-5;0,-4;0,-3;0,-2;0,-1;0,0;0,1;0,2;0,3;0,4;0,5;1,-5;1,-4;1,-3;1,-2;1,-1;1,0;1,1;1,2;1,3;1,4;1,5;2,-5;2,-4;2,-3;2,-2;2,-1;2,0;2,1;2,2;2,3;2,4;2,5;3,-5;3,-4;3,-3;3,-2;3,-1;3,0;3,1;3,2;3,3;3,4;3,5;4,-5;4,-4;4,-3;4,-2;4,-1;4,0;4,1;4,2;4,3;4,4;4,5;5,-5;5,-4;5,-3;5,-2;5,-1;5,0;5,1;5,2;5,3;5,4;5,5
NEW|64|GO9005_LC,TAD_NO_HALO,TAD_NO_UNDERSHOOT_COLUMN,NO_SOC_PHOTOMETRY|207|905|-2,-2;-2,-1;-2,0;-2,1;-2,2;-1,-2;-1,-1;-1,0;-1,1;-1,2;0,-2;0,-1;0,0;0,1;0,2;1,-2;1,-1;1,0;1,1;1,2;2,-2;2,-1;2,0;2,1;2,2
NEW|64|GO9005_LC,TAD_NO_HALO,TAD_NO_UNDERSHOOT_COLUMN,NO_SOC_PHOTOMETRY|257|915|-2,-2;-2,-1;-2,0;-2,1;-2,2;-1,-2;-1,-1;-1,0;-1,1;-1,2;0,-2;0,-1;0,0;0,1;0,2;1,-2;1,-1;1,0;1,1;1,2;2,-2;2,-1;2,0;2,1;2,2
NEW|64|GO9005_LC,TAD_NO_HALO,TAD_NO_UNDERSHOOT_COLUMN,NO_SOC_PHOTOMETRY|197|955|-2,-2;-2,-1;-2,0;-2,1;-2,2;-1,-2;-1,-1;-1,0;-1,1;-1,2;0,-2;0,-1;0,0;0,1;0,2;1,-2;1,-1;1,0;1,1;1,2;2,-2;2,-1;2,0;2,1;2,2
NEW|64|GO9005_LC,TAD_NO_HALO,TAD_NO_UNDERSHOOT_COLUMN,NO_SOC_PHOTOMETRY|247|965|-2,-2;-2,-1;-2,0;-2,1;-2,2;-1,-2;-1,-1;-1,0;-1,1;-1,2;0,-2;0,-1;0,0;0,1;0,2;1,-2;1,-1;1,0;1,1;1,2;2,-2;2,-1;2,0;2,1;2,2
NEW|73|GO9005_LC,TAD_NO_HALO,TAD_NO_UNDERSHOOT_COLUMN,NO_SOC_PHOTOMETRY|630|1015|-5,-5;-5,-4;-5,-3;-5,-2;-5,-1;-5,0;-5,1;-5,2;-5,3;-5,4;-5,5;-4,-5;-4,-4;-4,-3;-4,-2;-4,-1;-4,0;-4,1;-4,2;-4,3;-4,4;-4,5;-3,-5;-3,-4;-3,-3;-3,-2;-3,-1;-3,0;-3,1;-3,2;-3,3;-3,4;-3,5;-2,-5;-2,-4;-2,-3;-2,-2;-2,-1;-2,0;-2,1;-2,2;-2,3;-2,4;-2,5;-1,-5;-1,-4;-1,-3;-1,-2;-1,-1;-1,0;-1,1;-1,2;-1,3;-1,4;-1,5;0,-5;0,-4;0,-3;0,-2;0,-1;0,0;0,1;0,2;0,3;0,4;0,5;1,-5;1,-4;1,-3;1,-2;1,-1;1,0;1,1;1,2;1,3;1,4;1,5;2,-5;2,-4;2,-3;2,-2;2,-1;2,0;2,1;2,2;2,3;2,4;2,5;3,-5;3,-4;3,-3;3,-2;3,-1;3,0;3,1;3,2;3,3;3,4;3,5;4,-5;4,-4;4,-3;4,-2;4,-1;4,0;4,1;4,2;4,3;4,4;4,5;5,-5;5,-4;5,-3;5,-2;5,-1;5,0;5,1;5,2;5,3;5,4;5,5
NEW|73|GO9005_LC,TAD_NO_HALO,TAD_NO_UNDERSHOOT_COLUMN,NO_SOC_PHOTOMETRY|610|985|-2,-2;-2,-1;-2,0;-2,1;-2,2;-1,-2;-1,-1;-1,0;-1,1;-1,2;0,-2;0,-1;0,0;0,1;0,2;1,-2;1,-1;1,0;1,1;1,2;2,-2;2,-1;2,0;2,1;2,2
NEW|73|GO9005_LC,TAD_NO_HALO,TAD_NO_UNDERSHOOT_COLUMN,NO_SOC_PHOTOMETRY|660|995|-2,-2;-2,-1;-2,0;-2,1;-2,2;-1,-2;-1,-1;-1,0;-1,1;-1,2;0,-2;0,-1;0,0;0,1;0,2;1,-2;1,-1;1,0;1,1;1,2;2,-2;2,-1;2,0;2,1;2,2
NEW|73|GO9005_LC,TAD_NO_HALO,TAD_NO_UNDERSHOOT_COLUMN,NO_SOC_PHOTOMETRY|600|1035|-2,-2;-2,-1;-2,0;-2,1;-2,2;-1,-2;-1,-1;-1,0;-1,1;-1,2;0,-2;0,-1;0,0;0,1;0,2;1,-2;1,-1;1,0;1,1;1,2;2,-2;2,-1;2,0;2,1;2,2
NEW|73|GO9005_LC,TAD_NO_HALO,TAD_NO_UNDERSHOOT_COLUMN,NO_SOC_PHOTOMETRY|650|1045|-2,-2;-2,-1;-2,0;-2,1;-2,2;-1,-2;-1,-1;-1,0;-1,1;-1,2;0,-2;0,-1;0,0;0,1;0,2;1,-2;1,-1;1,0;1,1;1,2;2,-2;2,-1;2,0;2,1;2,2
NEW|21|GO9005_LC,TAD_NO_HALO,TAD_NO_UNDERSHOOT_COLUMN,NO_SOC_PHOTOMETRY|703|46|-5,-5;-5,-4;-5,-3;-5,-2;-5,-1;-5,0;-5,1;-5,2;-5,3;-5,4;-5,5;-4,-5;-4,-4;-4,-3;-4,-2;-4,-1;-4,0;-4,1;-4,2;-4,3;-4,4;-4,5;-3,-5;-3,-4;-3,-3;-3,-2;-3,-1;-3,0;-3,1;-3,2;-3,3;-3,4;-3,5;-2,-5;-2,-4;-2,-3;-2,-2;-2,-1;-2,0;-2,1;-2,2;-2,3;-2,4;-2,5;-1,-5;-1,-4;-1,-3;-1,-2;-1,-1;-1,0;-1,1;-1,2;-1,3;-1,4;-1,5;0,-5;0,-4;0,-3;0,-2;0,-1;0,0;0,1;0,2;0,3;0,4;0,5;1,-5;1,-4;1,-3;1,-2;1,-1;1,0;1,1;1,2;1,3;1,4;1,5;2,-5;2,-4;2,-3;2,-2;2,-1;2,0;2,1;2,2;2,3;2,4;2,5;3,-5;3,-4;3,-3;3,-2;3,-1;3,0;3,1;3,2;3,3;3,4;3,5;4,-5;4,-4;4,-3;4,-2;4,-1;4,0;4,1;4,2;4,3;4,4;4,5;5,-5;5,-4;5,-3;5,-2;5,-1;5,0;5,1;5,2;5,3;5,4;5,5
NEW|21|GO9005_LC,TAD_NO_HALO,TAD_NO_UNDERSHOOT_COLUMN,NO_SOC_PHOTOMETRY|683|16|-2,-2;-2,-1;-2,0;-2,1;-2,2;-1,-2;-1,-1;-1,0;-1,1;-1,2;0,-2;0,-1;0,0;0,1;0,2;1,-2;1,-1;1,0;1,1;1,2;2,-2;2,-1;2,0;2,1;2,2
NEW|21|GO9005_LC,TAD_NO_HALO,TAD_NO_UNDERSHOOT_COLUMN,NO_SOC_PHOTOMETRY|733|26|-2,-2;-2,-1;-2,0;-2,1;-2,2;-1,-2;-1,-1;-1,0;-1,1;-1,2;0,-2;0,-1;0,0;0,1;0,2;1,-2;1,-1;1,0;1,1;1,2;2,-2;2,-1;2,0;2,1;2,2
NEW|21|GO9005_LC,TAD_NO_HALO,TAD_NO_UNDERSHOOT_COLUMN,NO_SOC_PHOTOMETRY|673|66|-2,-2;-2,-1;-2,0;-2,1;-2,2;-1,-2;-1,-1;-1,0;-1,1;-1,2;0,-2;0,-1;0,0;0,1;0,2;1,-2;1,-1;1,0;1,1;1,2;2,-2;2,-1;2,0;2,1;2,2
NEW|21|GO9005_LC,TAD_NO_HALO,TAD_NO_UNDERSHOOT_COLUMN,NO_SOC_PHOTOMETRY|723|76|-2,-2;-2,-1;-2,0;-2,1;-2,2;-1,-2;-1,-1;-1,0;-1,1;-1,2;0,-2;0,-1;0,0;0,1;0,2;1,-2;1,-1;1,0;1,1;1,2;2,-2;2,-1;2,0;2,1;2,2
NEW|33|GO9005_LC,TAD_NO_HALO,TAD_NO_UNDERSHOOT_COLUMN,NO_SOC_PHOTOMETRY|415|1090|-5,-5;-5,-4;-5,-3;-5,-2;-5,-1;-5,0;-5,1;-5,2;-5,3;-5,4;-5,5;-4,-5;-4,-4;-4,-3;-4,-2;-4,-1;-4,0;-4,1;-4,2;-4,3;-4,4;-4,5;-3,-5;-3,-4;-3,-3;-3,-2;-3,-1;-3,0;-3,1;-3,2;-3,3;-3,4;-3,5;-2,-5;-2,-4;-2,-3;-2,-2;-2,-1;-2,0;-2,1;-2,2;-2,3;-2,4;-2,5;-1,-5;-1,-4;-1,-3;-1,-2;-1,-1;-1,0;-1,1;-1,2;-1,3;-1,4;-1,5;0,-5;0,-4;0,-3;0,-2;0,-1;0,0;0,1;0,2;0,3;0,4;0,5;1,-5;1,-4;1,-3;1,-2;1,-1;1,0;1,1;1,2;1,3;1,4;1,5;2,-5;2,-4;2,-3;2,-2;2,-1;2,0;2,1;2,2;2,3;2,4;2,5;3,-5;3,-4;3,-3;3,-2;3,-1;3,0;3,1;3,2;3,3;3,4;3,5;4,-5;4,-4;4,-3;4,-2;4,-1;4,0;4,1;4,2;4,3;4,4;4,5;5,-5;5,-4;5,-3;5,-2;5,-1;5,0;5,1;5,2;5,3;5,4;5,5
NEW|33|GO9005_LC,TAD_NO_HALO,TAD_NO_UNDERSHOOT_COLUMN,NO_SOC_PHOTOMETRY|395|1060|-2,-2;-2,-1;-2,0;-2,1;-2,2;-1,-2;-1,-1;-1,0;-1,1;-1,2;0,-2;0,-1;0,0;0,1;0,2;1,-2;1,-1;1,0;1,1;1,2;2,-2;2,-1;2,0;2,1;2,2
NEW|33|GO9005_LC,TAD_NO_HALO,TAD_NO_UNDERSHOOT_COLUMN,NO_SOC_PHOTOMETRY|445|1070|-2,-2;-2,-1;-2,0;-2,1;-2,2;-1,-2;-1,-1;-1,0;-1,1;-1,2;0,-2;0,-1;0,0;0,1;0,2;1,-2;1,-1;1,0;1,1;1,2;2,-2;2,-1;2,0;2,1;2,2
NEW|63|GO9005_LC,TAD_NO_HALO,TAD_NO_UNDERSHOOT_COLUMN,NO_SOC_PHOTOMETRY|608|262|-5,-5;-5,-4;-5,-3;-5,-2;-5,-1;-5,0;-5,1;-5,2;-5,3;-5,4;-5,5;-4,-5;-4,-4;-4,-3;-4,-2;-4,-1;-4,0;-4,1;-4,2;-4,3;-4,4;-4,5;-3,-5;-3,-4;-3,-3;-3,-2;-3,-1;-3,0;-3,1;-3,2;-3,3;-3,4;-3,5;-2,-5;-2,-4;-2,-3;-2,-2;-2,-1;-2,0;-2,1;-2,2;-2,3;-2,4;-2,5;-1,-5;-1,-4;-1,-3;-1,-2;-1,-1;-1,0;-1,1;-1,2;-1,3;-1,4;-1,5;0,-5;0,-4;0,-3;0,-2;0,-1;0,0;0,1;0,2;0,3;0,4;0,5;1,-5;1,-4;1,-3;1,-2;1,-1;1,0;1,1;1,2;1,3;1,4;1,5;2,-5;2,-4;2,-3;2,-2;2,-1;2,0;2,1;2,2;2,3;2,4;2,5;3,-5;3,-4;3,-3;3,-2;3,-1;3,0;3,1;3,2;3,3;3,4;3,5;4,-5;4,-4;4,-3;4,-2;4,-1;4,0;4,1;4,2;4,3;4,4;4,5;5,-5;5,-4;5,-3;5,-2;5,-1;5,0;5,1;5,2;5,3;5,4;5,5
NEW|63|GO9005_LC,TAD_NO_HALO,TAD_NO_UNDERSHOOT_COLUMN,NO_SOC_PHOTOMETRY|588|232|-2,-2;-2,-1;-2,0;-2,1;-2,2;-1,-2;-1,-1;-1,0;-1,1;-1,2;0,-2;0,-1;0,0;0,1;0,2;1,-2;1,-1;1,0;1,1;1,2;2,-2;2,-1;2,0;2,1;2,2
NEW|63|GO9005_LC,TAD_NO_HALO,TAD_NO_UNDERSHOOT_COLUMN,NO_SOC_PHOTOMETRY|638|242|-2,-2;-2,-1;-2,0;-2,1;-2,2;-1,-2;-1,-1;-1,0;-1,1;-1,2;0,-2;0,-1;0,0;0,1;0,2;1,-2;1,-1;1,0;1,1;1,2;2,-2;2,-1;2,0;2,1;2,2
NEW|63|GO9005_LC,TAD_NO_HALO,TAD_NO_UNDERSHOOT_COLUMN,NO_SOC_PHOTOMETRY|578|282|-2,-2;-2,-1;-2,0;-2,1;-2,2;-1,-2;-1,-1;-1,0;-1,1;-1,2;0,-2;0,-1;0,0;0,1;0,2;1,-2;1,-1;1,0;1,1;1,2;2,-2;2,-1;2,0;2,1;2,2
NEW|63|GO9005_LC,TAD_NO_HALO,TAD_NO_UNDERSHOOT_COLUMN,NO_SOC_PHOTOMETRY|628|292|-2,-2;-2,-1;-2,0;-2,1;-2,2;-1,-2;-1,-1;-1,0;-1,1;-1,2;0,-2;0,-1;0,0;0,1;0,2;1,-2;1,-1;1,0;1,1;1,2;2,-2;2,-1;2,0;2,1;2,2
NEW|62|GO9005_LC,TAD_NO_HALO,TAD_NO_UNDERSHOOT_COLUMN,NO_SOC_PHOTOMETRY|482|263|-5,-5;-5,-4;-5,-3;-5,-2;-5,-1;-5,0;-5,1;-5,2;-5,3;-5,4;-5,5;-4,-5;-4,-4;-4,-3;-4,-2;-4,-1;-4,0;-4,1;-4,2;-4,3;-4,4;-4,5;-3,-5;-3,-4;-3,-3;-3,-2;-3,-1;-3,0;-3,1;-3,2;-3,3;-3,4;-3,5;-2,-5;-2,-4;-2,-3;-2,-2;-2,-1;-2,0;-2,1;-2,2;-2,3;-2,4;-2,5;-1,-5;-1,-4;-1,-3;-1,-2;-1,-1;-1,0;-1,1;-1,2;-1,3;-1,4;-1,5;0,-5;0,-4;0,-3;0,-2;0,-1;0,0;0,1;0,2;0,3;0,4;0,5;1,-5;1,-4;1,-3;1,-2;1,-1;1,0;1,1;1,2;1,3;1,4;1,5;2,-5;2,-4;2,-3;2,-2;2,-1;2,0;2,1;2,2;2,3;2,4;2,5;3,-5;3,-4;3,-3;3,-2;3,-1;3,0;3,1;3,2;3,3;3,4;3,5;4,-5;4,-4;4,-3;4,-2;4,-1;4,0;4,1;4,2;4,3;4,4;4,5;5,-5;5,-4;5,-3;5,-2;5,-1;5,0;5,1;5,2;5,3;5,4;5,5
NEW|62|GO9005_LC,TAD_NO_HALO,TAD_NO_UNDERSHOOT_COLUMN,NO_SOC_PHOTOMETRY|462|233|-2,-2;-2,-1;-2,0;-2,1;-2,2;-1,-2;-1,-1;-1,0;-1,1;-1,2;0,-2;0,-1;0,0;0,1;0,2;1,-2;1,-1;1,0;1,1;1,2;2,-2;2,-1;2,0;2,1;2,2
NEW|62|GO9005_LC,TAD_NO_HALO,TAD_NO_UNDERSHOOT_COLUMN,NO_SOC_PHOTOMETRY|512|243|-2,-2;-2,-1;-2,0;-2,1;-2,2;-1,-2;-1,-1;-1,0;-1,1;-1,2;0,-2;0,-1;0,0;0,1;0,2;1,-2;1,-1;1,0;1,1;1,2;2,-2;2,-1;2,0;2,1;2,2
NEW|62|GO9005_LC,TAD_NO_HALO,TAD_NO_UNDERSHOOT_COLUMN,NO_SOC_PHOTOMETRY|452|283|-2,-2;-2,-1;-2,0;-2,1;-2,2;-1,-2;-1,-1;-1,0;-1,1;-1,2;0,-2;0,-1;0,0;0,1;0,2;1,-2;1,-1;1,0;1,1;1,2;2,-2;2,-1;2,0;2,1;2,2
NEW|62|GO9005_LC,TAD_NO_HALO,TAD_NO_UNDERSHOOT_COLUMN,NO_SOC_PHOTOMETRY|502|293|-2,-2;-2,-1;-2,0;-2,1;-2,2;-1,-2;-1,-1;-1,0;-1,1;-1,2;0,-2;0,-1;0,0;0,1;0,2;1,-2;1,-1;1,0;1,1;1,2;2,-2;2,-1;2,0;2,1;2,2
NEW|54|GO9005_LC,TAD_NO_HALO,TAD_NO_UNDERSHOOT_COLUMN,NO_SOC_PHOTOMETRY|575|131|-5,-5;-5,-4;-5,-3;-5,-2;-5,-1;-5,0;-5,1;-5,2;-5,3;-5,4;-5,5;-4,-5;-4,-4;-4,-3;-4,-2;-4,-1;-4,0;-4,1;-4,2;-4,3;-4,4;-4,5;-3,-5;-3,-4;-3,-3;-3,-2;-3,-1;-3,0;-3,1;-3,2;-3,3;-3,4;-3,5;-2,-5;-2,-4;-2,-3;-2,-2;-2,-1;-2,0;-2,1;-2,2;-2,3;-2,4;-2,5;-1,-5;-1,-4;-1,-3;-1,-2;-1,-1;-1,0;-1,1;-1,2;-1,3;-1,4;-1,5;0,-5;0,-4;0,-3;0,-2;0,-1;0,0;0,1;0,2;0,3;0,4;0,5;1,-5;1,-4;1,-3;1,-2;1,-1;1,0;1,1;1,2;1,3;1,4;1,5;2,-5;2,-4;2,-3;2,-2;2,-1;2,0;2,1;2,2;2,3;2,4;2,5;3,-5;3,-4;3,-3;3,-2;3,-1;3,0;3,1;3,2;3,3;3,4;3,5;4,-5;4,-4;4,-3;4,-2;4,-1;4,0;4,1;4,2;4,3;4,4;4,5;5,-5;5,-4;5,-3;5,-2;5,-1;5,0;5,1;5,2;5,3;5,4;5,5
NEW|54|GO9005_LC,TAD_NO_HALO,TAD_NO_UNDERSHOOT_COLUMN,NO_SOC_PHOTOMETRY|555|101|-2,-2;-2,-1;-2,0;-2,1;-2,2;-1,-2;-1,-1;-1,0;-1,1;-1,2;0,-2;0,-1;0,0;0,1;0,2;1,-2;1,-1;1,0;1,1;1,2;2,-2;2,-1;2,0;2,1;2,2
NEW|54|GO9005_LC,TAD_NO_HALO,TAD_NO_UNDERSHOOT_COLUMN,NO_SOC_PHOTOMETRY|605|111|-2,-2;-2,-1;-2,0;-2,1;-2,2;-1,-2;-1,-1;-1,0;-1,1;-1,2;0,-2;0,-1;0,0;0,1;0,2;1,-2;1,-1;1,0;1,1;1,2;2,-2;2,-1;2,0;2,1;2,2
NEW|54|GO9005_LC,TAD_NO_HALO,TAD_NO_UNDERSHOOT_COLUMN,NO_SOC_PHOTOMETRY|545|151|-2,-2;-2,-1;-2,0;-2,1;-2,2;-1,-2;-1,-1;-1,0;-1,1;-1,2;0,-2;0,-1;0,0;0,1;0,2;1,-2;1,-1;1,0;1,1;1,2;2,-2;2,-1;2,0;2,1;2,2
NEW|54|GO9005_LC,TAD_NO_HALO,TAD_NO_UNDERSHOOT_COLUMN,NO_SOC_PHOTOMETRY|595|161|-2,-2;-2,-1;-2,0;-2,1;-2,2;-1,-2;-1,-1;-1,0;-1,1;-1,2;0,-2;0,-1;0,0;0,1;0,2;1,-2;1,-1;1,0;1,1;1,2;2,-2;2,-1;2,0;2,1;2,2
NEW|64|GO9005_LC,TAD_NO_HALO,TAD_NO_UNDERSHOOT_COLUMN,NO_SOC_PHOTOMETRY|258|533|-5,-5;-5,-4;-5,-3;-5,-2;-5,-1;-5,0;-5,1;-5,2;-5,3;-5,4;-5,5;-4,-5;-4,-4;-4,-3;-4,-2;-4,-1;-4,0;-4,1;-4,2;-4,3;-4,4;-4,5;-3,-5;-3,-4;-3,-3;-3,-2;-3,-1;-3,0;-3,1;-3,2;-3,3;-3,4;-3,5;-2,-5;-2,-4;-2,-3;-2,-2;-2,-1;-2,0;-2,1;-2,2;-2,3;-2,4;-2,5;-1,-5;-1,-4;-1,-3;-1,-2;-1,-1;-1,0;-1,1;-1,2;-1,3;-1,4;-1,5;0,-5;0,-4;0,-3;0,-2;0,-1;0,0;0,1;0,2;0,3;0,4;0,5;1,-5;1,-4;1,-3;1,-2;1,-1;1,0;1,1;1,2;1,3;1,4;1,5;2,-5;2,-4;2,-3;2,-2;2,-1;2,0;2,1;2,2;2,3;2,4;2,5;3,-5;3,-4;3,-3;3,-2;3,-1;3,0;3,1;3,2;3,3;3,4;3,5;4,-5;4,-4;4,-3;4,-2;4,-1;4,0;4,1;4,2;4,3;4,4;4,5;5,-5;5,-4;5,-3;5,-2;5,-1;5,0;5,1;5,2;5,3;5,4;5,5
NEW|64|GO9005_LC,TAD_NO_HALO,TAD_NO_UNDERSHOOT_COLUMN,NO_SOC_PHOTOMETRY|238|503|-2,-2;-2,-1;-2,0;-2,1;-2,2;-1,-2;-1,-1;-1,0;-1,1;-1,2;0,-2;0,-1;0,0;0,1;0,2;1,-2;1,-1;1,0;1,1;1,2;2,-2;2,-1;2,0;2,1;2,2
NEW|64|GO9005_LC,TAD_NO_HALO,TAD_NO_UNDERSHOOT_COLUMN,NO_SOC_PHOTOMETRY|288|513|-2,-2;-2,-1;-2,0;-2,1;-2,2;-1,-2;-1,-1;-1,0;-1,1;-1,2;0,-2;0,-1;0,0;0,1;0,2;1,-2;1,-1;1,0;1,1;1,2;2,-2;2,-1;2,0;2,1;2,2
NEW|64|GO9005_LC,TAD_NO_HALO,TAD_NO_UNDERSHOOT_COLUMN,NO_SOC_PHOTOMETRY|228|553|-2,-2;-2,-1;-2,0;-2,1;-2,2;-1,-2;-1,-1;-1,0;-1,1;-1,2;0,-2;0,-1;0,0;0,1;0,2;1,-2;1,-1;1,0;1,1;1,2;2,-2;2,-1;2,0;2,1;2,2
NEW|64|GO9005_LC,TAD_NO_HALO,TAD_NO_UNDERSHOOT_COLUMN,NO_SOC_PHOTOMETRY|278|563|-2,-2;-2,-1;-2,0;-2,1;-2,2;-1,-2;-1,-1;-1,0;-1,1;-1,2;0,-2;0,-1;0,0;0,1;0,2;1,-2;1,-1;1,0;1,1;1,2;2,-2;2,-1;2,0;2,1;2,2
NEW|61|GO9005_LC,TAD_NO_HALO,TAD_NO_UNDERSHOOT_COLUMN,NO_SOC_PHOTOMETRY|862|813|-5,-5;-5,-4;-5,-3;-5,-2;-5,-1;-5,0;-5,1;-5,2;-5,3;-5,4;-5,5;-4,-5;-4,-4;-4,-3;-4,-2;-4,-1;-4,0;-4,1;-4,2;-4,3;-4,4;-4,5;-3,-5;-3,-4;-3,-3;-3,-2;-3,-1;-3,0;-3,1;-3,2;-3,3;-3,4;-3,5;-2,-5;-2,-4;-2,-3;-2,-2;-2,-1;-2,0;-2,1;-2,2;-2,3;-2,4;-2,5;-1,-5;-1,-4;-1,-3;-1,-2;-1,-1;-1,0;-1,1;-1,2;-1,3;-1,4;-1,5;0,-5;0,-4;0,-3;0,-2;0,-1;0,0;0,1;0,2;0,3;0,4;0,5;1,-5;1,-4;1,-3;1,-2;1,-1;1,0;1,1;1,2;1,3;1,4;1,5;2,-5;2,-4;2,-3;2,-2;2,-1;2,0;2,1;2,2;2,3;2,4;2,5;3,-5;3,-4;3,-3;3,-2;3,-1;3,0;3,1;3,2;3,3;3,4;3,5;4,-5;4,-4;4,-3;4,-2;4,-1;4,0;4,1;4,2;4,3;4,4;4,5;5,-5;5,-4;5,-3;5,-2;5,-1;5,0;5,1;5,2;5,3;5,4;5,5
NEW|61|GO9005_LC,TAD_NO_HALO,TAD_NO_UNDERSHOOT_COLUMN,NO_SOC_PHOTOMETRY|842|783|-2,-2;-2,-1;-2,0;-2,1;-2,2;-1,-2;-1,-1;-1,0;-1,1;-1,2;0,-2;0,-1;0,0;0,1;0,2;1,-2;1,-1;1,0;1,1;1,2;2,-2;2,-1;2,0;2,1;2,2
NEW|61|GO9005_LC,TAD_NO_HALO,TAD_NO_UNDERSHOOT_COLUMN,NO_SOC_PHOTOMETRY|892|793|-2,-2;-2,-1;-2,0;-2,1;-2,2;-1,-2;-1,-1;-1,0;-1,1;-1,2;0,-2;0,-1;0,0;0,1;0,2;1,-2;1,-1;1,0;1,1;1,2;2,-2;2,-1;2,0;2,1;2,2
NEW|61|GO9005_LC,TAD_NO_HALO,TAD_NO_UNDERSHOOT_COLUMN,NO_SOC_PHOTOMETRY|832|833|-2,-2;-2,-1;-2,0;-2,1;-2,2;-1,-2;-1,-1;-1,0;-1,1;-1,2;0,-2;0,-1;0,0;0,1;0,2;1,-2;1,-1;1,0;1,1;1,2;2,-2;2,-1;2,0;2,1;2,2
NEW|61|GO9005_LC,TAD_NO_HALO,TAD_NO_UNDERSHOOT_COLUMN,NO_SOC_PHOTOMETRY|882|843|-2,-2;-2,-1;-2,0;-2,1;-2,2;-1,-2;-1,-1;-1,0;-1,1;-1,2;0,-2;0,-1;0,0;0,1;0,2;1,-2;1,-1;1,0;1,1;1,2;2,-2;2,-1;2,0;2,1;2,2
NEW|20|GO9005_LC,TAD_NO_HALO,TAD_NO_UNDERSHOOT_COLUMN,NO_SOC_PHOTOMETRY|257|257|-5,-5;-5,-4;-5,-3;-5,-2;-5,-1;-5,0;-5,1;-5,2;-5,3;-5,4;-5,5;-4,-5;-4,-4;-4,-3;-4,-2;-4,-1;-4,0;-4,1;-4,2;-4,3;-4,4;-4,5;-3,-5;-3,-4;-3,-3;-3,-2;-3,-1;-3,0;-3,1;-3,2;-3,3;-3,4;-3,5;-2,-5;-2,-4;-2,-3;-2,-2;-2,-1;-2,0;-2,1;-2,2;-2,3;-2,4;-2,5;-1,-5;-1,-4;-1,-3;-1,-2;-1,-1;-1,0;-1,1;-1,2;-1,3;-1,4;-1,5;0,-5;0,-4;0,-3;0,-2;0,-1;0,0;0,1;0,2;0,3;0,4;0,5;1,-5;1,-4;1,-3;1,-2;1,-1;1,0;1,1;1,2;1,3;1,4;1,5;2,-5;2,-4;2,-3;2,-2;2,-1;2,0;2,1;2,2;2,3;2,4;2,5;3,-5;3,-4;3,-3;3,-2;3,-1;3,0;3,1;3,2;3,3;3,4;3,5;4,-5;4,-4;4,-3;4,-2;4,-1;4,0;4,1;4,2;4,3;4,4;4,5;5,-5;5,-4;5,-3;5,-2;5,-1;5,0;5,1;5,2;5,3;5,4;5,5
NEW|20|GO9005_LC,TAD_NO_HALO,TAD_NO_UNDERSHOOT_COLUMN,NO_SOC_PHOTOMETRY|237|227|-2,-2;-2,-1;-2,0;-2,1;-2,2;-1,-2;-1,-1;-1,0;-1,1;-1,2;0,-2;0,-1;0,0;0,1;0,2;1,-2;1,-1;1,0;1,1;1,2;2,-2;2,-1;2,0;2,1;2,2
NEW|20|GO9005_LC,TAD_NO_HALO,TAD_NO_UNDERSHOOT_COLUMN,NO_SOC_PHOTOMETRY|287|237|-2,-2;-2,-1;-2,0;-2,1;-2,2;-1,-2;-1,-1;-1,0;-1,1;-1,2;0,-2;0,-1;0,0;0,1;0,2;1,-2;1,-1;1,0;1,1;1,2;2,-2;2,-1;2,0;2,1;2,2
NEW|20|GO9005_LC,TAD_NO_HALO,TAD_NO_UNDERSHOOT_COLUMN,NO_SOC_PHOTOMETRY|227|277|-2,-2;-2,-1;-2,0;-2,1;-2,2;-1,-2;-1,-1;-1,0;-1,1;-1,2;0,-2;0,-1;0,0;0,1;0,2;1,-2;1,-1;1,0;1,1;1,2;2,-2;2,-1;2,0;2,1;2,2
NEW|20|GO9005_LC,TAD_NO_HALO,TAD_NO_UNDERSHOOT_COLUMN,NO_SOC_PHOTOMETRY|277|287|-2,-2;-2,-1;-2,0;-2,1;-2,2;-1,-2;-1,-1;-1,0;-1,1;-1,2;0,-2;0,-1;0,0;0,1;0,2;1,-2;1,-1;1,0;1,1;1,2;2,-2;2,-1;2,0;2,1;2,2
NEW|35|GO9005_LC,TAD_NO_HALO,TAD_NO_UNDERSHOOT_COLUMN,NO_SOC_PHOTOMETRY|936|1086|-5,-5;-5,-4;-5,-3;-5,-2;-5,-1;-5,0;-5,1;-5,2;-5,3;-5,4;-5,5;-4,-5;-4,-4;-4,-3;-4,-2;-4,-1;-4,0;-4,1;-4,2;-4,3;-4,4;-4,5;-3,-5;-3,-4;-3,-3;-3,-2;-3,-1;-3,0;-3,1;-3,2;-3,3;-3,4;-3,5;-2,-5;-2,-4;-2,-3;-2,-2;-2,-1;-2,0;-2,1;-2,2;-2,3;-2,4;-2,5;-1,-5;-1,-4;-1,-3;-1,-2;-1,-1;-1,0;-1,1;-1,2;-1,3;-1,4;-1,5;0,-5;0,-4;0,-3;0,-2;0,-1;0,0;0,1;0,2;0,3;0,4;0,5;1,-5;1,-4;1,-3;1,-2;1,-1;1,0;1,1;1,2;1,3;1,4;1,5;2,-5;2,-4;2,-3;2,-2;2,-1;2,0;2,1;2,2;2,3;2,4;2,5;3,-5;3,-4;3,-3;3,-2;3,-1;3,0;3,1;3,2;3,3;3,4;3,5;4,-5;4,-4;4,-3;4,-2;4,-1;4,0;4,1;4,2;4,3;4,4;4,5;5,-5;5,-4;5,-3;5,-2;5,-1;5,0;5,1;5,2;5,3;5,4;5,5
NEW|35|GO9005_LC,TAD_NO_HALO,TAD_NO_UNDERSHOOT_COLUMN,NO_SOC_PHOTOMETRY|916|1056|-2,-2;-2,-1;-2,0;-2,1;-2,2;-1,-2;-1,-1;-1,0;-1,1;-1,2;0,-2;0,-1;0,0;0,1;0,2;1,-2;1,-1;1,0;1,1;1,2;2,-2;2,-1;2,0;2,1;2,2
NEW|35|GO9005_LC,TAD_NO_HALO,TAD_NO_UNDERSHOOT_COLUMN,NO_SOC_PHOTOMETRY|966|1066|-2,-2;-2,-1;-2,0;-2,1;-2,2;-1,-2;-1,-1;-1,0;-1,1;-1,2;0,-2;0,-1;0,0;0,1;0,2;1,-2;1,-1;1,0;1,1;1,2;2,-2;2,-1;2,0;2,1;2,2
NEW|35|GO9005_LC,TAD_NO_HALO,TAD_NO_UNDERSHOOT_COLUMN,NO_SOC_PHOTOMETRY|906|1106|-2,-2;-2,-1;-2,0;-2,1;-2,2;-1,-2;-1,-1;-1,0;-1,1;-1,2;0,-2;0,-1;0,0;0,1;0,2;1,-2;1,-1;1,0;1,1;1,2;2,-2;2,-1;2,0;2,1;2,2
NEW|82|GO9005_LC,TAD_NO_HALO,TAD_NO_UNDERSHOOT_COLUMN,NO_SOC_PHOTOMETRY|313|152|-5,-5;-5,-4;-5,-3;-5,-2;-5,-1;-5,0;-5,1;-5,2;-5,3;-5,4;-5,5;-4,-5;-4,-4;-4,-3;-4,-2;-4,-1;-4,0;-4,1;-4,2;-4,3;-4,4;-4,5;-3,-5;-3,-4;-3,-3;-3,-2;-3,-1;-3,0;-3,1;-3,2;-3,3;-3,4;-3,5;-2,-5;-2,-4;-2,-3;-2,-2;-2,-1;-2,0;-2,1;-2,2;-2,3;-2,4;-2,5;-1,-5;-1,-4;-1,-3;-1,-2;-1,-1;-1,0;-1,1;-1,2;-1,3;-1,4;-1,5;0,-5;0,-4;0,-3;0,-2;0,-1;0,0;0,1;0,2;0,3;0,4;0,5;1,-5;1,-4;1,-3;1,-2;1,-1;1,0;1,1;1,2;1,3;1,4;1,5;2,-5;2,-4;2,-3;2,-2;2,-1;2,0;2,1;2,2;2,3;2,4;2,5;3,-5;3,-4;3,-3;3,-2;3,-1;3,0;3,1;3,2;3,3;3,4;3,5;4,-5;4,-4;4,-3;4,-2;4,-1;4,0;4,1;4,2;4,3;4,4;4,5;5,-5;5,-4;5,-3;5,-2;5,-1;5,0;5,1;5,2;5,3;5,4;5,5
NEW|82|GO9005_LC,TAD_NO_HALO,TAD_NO_UNDERSHOOT_COLUMN,NO_SOC_PHOTOMETRY|293|122|-2,-2;-2,-1;-2,0;-2,1;-2,2;-1,-2;-1,-1;-1,0;-1,1;-1,2;0,-2;0,-1;0,0;0,1;0,2;1,-2;1,-1;1,0;1,1;1,2;2,-2;2,-1;2,0;2,1;2,2
NEW|82|GO9005_LC,TAD_NO_HALO,TAD_NO_UNDERSHOOT_COLUMN,NO_SOC_PHOTOMETRY|343|132|-2,-2;-2,-1;-2,0;-2,1;-2,2;-1,-2;-1,-1;-1,0;-1,1;-1,2;0,-2;0,-1;0,0;0,1;0,2;1,-2;1,-1;1,0;1,1;1,2;2,-2;2,-1;2,0;2,1;2,2
NEW|82|GO9005_LC,TAD_NO_HALO,TAD_NO_UNDERSHOOT_COLUMN,NO_SOC_PHOTOMETRY|283|172|-2,-2;-2,-1;-2,0;-2,1;-2,2;-1,-2;-1,-1;-1,0;-1,1;-1,2;0,-2;0,-1;0,0;0,1;0,2;1,-2;1,-1;1,0;1,1;1,2;2,-2;2,-1;2,0;2,1;2,2
NEW|82|GO9005_LC,TAD_NO_HALO,TAD_NO_UNDERSHOOT_COLUMN,NO_SOC_PHOTOMETRY|333|182|-2,-2;-2,-1;-2,0;-2,1;-2,2;-1,-2;-1,-1;-1,0;-1,1;-1,2;0,-2;0,-1;0,0;0,1;0,2;1,-2;1,-1;1,0;1,1;1,2;2,-2;2,-1;2,0;2,1;2,2
NEW|57|GO9005_LC,TAD_NO_HALO,TAD_NO_UNDERSHOOT_COLUMN,NO_SOC_PHOTOMETRY|405|976|-5,-5;-5,-4;-5,-3;-5,-2;-5,-1;-5,0;-5,1;-5,2;-5,3;-5,4;-5,5;-4,-5;-4,-4;-4,-3;-4,-2;-4,-1;-4,0;-4,1;-4,2;-4,3;-4,4;-4,5;-3,-5;-3,-4;-3,-3;-3,-2;-3,-1;-3,0;-3,1;-3,2;-3,3;-3,4;-3,5;-2,-5;-2,-4;-2,-3;-2,-2;-2,-1;-2,0;-2,1;-2,2;-2,3;-2,4;-2,5;-1,-5;-1,-4;-1,-3;-1,-2;-1,-1;-1,0;-1,1;-1,2;-1,3;-1,4;-1,5;0,-5;0,-4;0,-3;0,-2;0,-1;0,0;0,1;0,2;0,3;0,4;0,5;1,-5;1,-4;1,-3;1,-2;1,-1;1,0;1,1;1,2;1,3;1,4;1,5;2,-5;2,-4;2,-3;2,-2;2,-1;2,0;2,1;2,2;2,3;2,4;2,5;3,-5;3,-4;3,-3;3,-2;3,-1;3,0;3,1;3,2;3,3;3,4;3,5;4,-5;4,-4;4,-3;4,-2;4,-1;4,0;4,1;4,2;4,3;4,4;4,5;5,-5;5,-4;5,-3;5,-2;5,-1;5,0;5,1;5,2;5,3;5,4;5,5
NEW|57|GO9005_LC,TAD_NO_HALO,TAD_NO_UNDERSHOOT_COLUMN,NO_SOC_PHOTOMETRY|385|946|-2,-2;-2,-1;-2,0;-2,1;-2,2;-1,-2;-1,-1;-1,0;-1,1;-1,2;0,-2;0,-1;0,0;0,1;0,2;1,-2;1,-1;1,0;1,1;1,2;2,-2;2,-1;2,0;2,1;2,2
NEW|57|GO9005_LC,TAD_NO_HALO,TAD_NO_UNDERSHOOT_COLUMN,NO_SOC_PHOTOMETRY|435|956|-2,-2;-2,-1;-2,0;-2,1;-2,2;-1,-2;-1,-1;-1,0;-1,1;-1,2;0,-2;0,-1;0,0;0,1;0,2;1,-2;1,-1;1,0;1,1;1,2;2,-2;2,-1;2,0;2,1;2,2
NEW|57|GO9005_LC,TAD_NO_HALO,TAD_NO_UNDERSHOOT_COLUMN,NO_SOC_PHOTOMETRY|375|996|-2,-2;-2,-1;-2,0;-2,1;-2,2;-1,-2;-1,-1;-1,0;-1,1;-1,2;0,-2;0,-1;0,0;0,1;0,2;1,-2;1,-1;1,0;1,1;1,2;2,-2;2,-1;2,0;2,1;2,2
NEW|57|GO9005_LC,TAD_NO_HALO,TAD_NO_UNDERSHOOT_COLUMN,NO_SOC_PHOTOMETRY|425|1006|-2,-2;-2,-1;-2,0;-2,1;-2,2;-1,-2;-1,-1;-1,0;-1,1;-1,2;0,-2;0,-1;0,0;0,1;0,2;1,-2;1,-1;1,0;1,1;1,2;2,-2;2,-1;2,0;2,1;2,2
NEW|20|GO9005_LC,TAD_NO_HALO,TAD_NO_UNDERSHOOT_COLUMN,NO_SOC_PHOTOMETRY|732|78|-5,-5;-5,-4;-5,-3;-5,-2;-5,-1;-5,0;-5,1;-5,2;-5,3;-5,4;-5,5;-4,-5;-4,-4;-4,-3;-4,-2;-4,-1;-4,0;-4,1;-4,2;-4,3;-4,4;-4,5;-3,-5;-3,-4;-3,-3;-3,-2;-3,-1;-3,0;-3,1;-3,2;-3,3;-3,4;-3,5;-2,-5;-2,-4;-2,-3;-2,-2;-2,-1;-2,0;-2,1;-2,2;-2,3;-2,4;-2,5;-1,-5;-1,-4;-1,-3;-1,-2;-1,-1;-1,0;-1,1;-1,2;-1,3;-1,4;-1,5;0,-5;0,-4;0,-3;0,-2;0,-1;0,0;0,1;0,2;0,3;0,4;0,5;1,-5;1,-4;1,-3;1,-2;1,-1;1,0;1,1;1,2;1,3;1,4;1,5;2,-5;2,-4;2,-3;2,-2;2,-1;2,0;2,1;2,2;2,3;2,4;2,5;3,-5;3,-4;3,-3;3,-2;3,-1;3,0;3,1;3,2;3,3;3,4;3,5;4,-5;4,-4;4,-3;4,-2;4,-1;4,0;4,1;4,2;4,3;4,4;4,5;5,-5;5,-4;5,-3;5,-2;5,-1;5,0;5,1;5,2;5,3;5,4;5,5
NEW|20|GO9005_LC,TAD_NO_HALO,TAD_NO_UNDERSHOOT_COLUMN,NO_SOC_PHOTOMETRY|712|48|-2,-2;-2,-1;-2,0;-2,1;-2,2;-1,-2;-1,-1;-1,0;-1,1;-1,2;0,-2;0,-1;0,0;0,1;0,2;1,-2;1,-1;1,0;1,1;1,2;2,-2;2,-1;2,0;2,1;2,2
NEW|20|GO9005_LC,TAD_NO_HALO,TAD_NO_UNDERSHOOT_COLUMN,NO_SOC_PHOTOMETRY|762|58|-2,-2;-2,-1;-2,0;-2,1;-2,2;-1,-2;-1,-1;-1,0;-1,1;-1,2;0,-2;0,-1;0,0;0,1;0,2;1,-2;1,-1;1,0;1,1;1,2;2,-2;2,-1;2,0;2,1;2,2
NEW|20|GO9005_LC,TAD_NO_HALO,TAD_NO_UNDERSHOOT_COLUMN,NO_SOC_PHOTOMETRY|702|98|-2,-2;-2,-1;-2,0;-2,1;-2,2;-1,-2;-1,-1;-1,0;-1,1;-1,2;0,-2;0,-1;0,0;0,1;0,2;1,-2;1,-1;1,0;1,1;1,2;2,-2;2,-1;2,0;2,1;2,2
NEW|20|GO9005_LC,TAD_NO_HALO,TAD_NO_UNDERSHOOT_COLUMN,NO_SOC_PHOTOMETRY|752|108|-2,-2;-2,-1;-2,0;-2,1;-2,2;-1,-2;-1,-1;-1,0;-1,1;-1,2;0,-2;0,-1;0,0;0,1;0,2;1,-2;1,-1;1,0;1,1;1,2;2,-2;2,-1;2,0;2,1;2,2
NEW|34|GO9005_LC,TAD_NO_HALO,TAD_NO_UNDERSHOOT_COLUMN,NO_SOC_PHOTOMETRY|847|229|-5,-5;-5,-4;-5,-3;-5,-2;-5,-1;-5,0;-5,1;-5,2;-5,3;-5,4;-5,5;-4,-5;-4,-4;-4,-3;-4,-2;-4,-1;-4,0;-4,1;-4,2;-4,3;-4,4;-4,5;-3,-5;-3,-4;-3,-3;-3,-2;-3,-1;-3,0;-3,1;-3,2;-3,3;-3,4;-3,5;-2,-5;-2,-4;-2,-3;-2,-2;-2,-1;-2,0;-2,1;-2,2;-2,3;-2,4;-2,5;-1,-5;-1,-4;-1,-3;-1,-2;-1,-1;-1,0;-1,1;-1,2;-1,3;-1,4;-1,5;0,-5;0,-4;0,-3;0,-2;0,-1;0,0;0,1;0,2;0,3;0,4;0,5;1,-5;1,-4;1,-3;1,-2;1,-1;1,0;1,1;1,2;1,3;1,4;1,5;2,-5;2,-4;2,-3;2,-2;2,-1;2,0;2,1;2,2;2,3;2,4;2,5;3,-5;3,-4;3,-3;3,-2;3,-1;3,0;3,1;3,2;3,3;3,4;3,5;4,-5;4,-4;4,-3;4,-2;4,-1;4,0;4,1;4,2;4,3;4,4;4,5;5,-5;5,-4;5,-3;5,-2;5,-1;5,0;5,1;5,2;5,3;5,4;5,5
NEW|34|GO9005_LC,TAD_NO_HALO,TAD_NO_UNDERSHOOT_COLUMN,NO_SOC_PHOTOMETRY|827|199|-2,-2;-2,-1;-2,0;-2,1;-2,2;-1,-2;-1,-1;-1,0;-1,1;-1,2;0,-2;0,-1;0,0;0,1;0,2;1,-2;1,-1;1,0;1,1;1,2;2,-2;2,-1;2,0;2,1;2,2
NEW|34|GO9005_LC,TAD_NO_HALO,TAD_NO_UNDERSHOOT_COLUMN,NO_SOC_PHOTOMETRY|877|209|-2,-2;-2,-1;-2,0;-2,1;-2,2;-1,-2;-1,-1;-1,0;-1,1;-1,2;0,-2;0,-1;0,0;0,1;0,2;1,-2;1,-1;1,0;1,1;1,2;2,-2;2,-1;2,0;2,1;2,2
NEW|34|GO9005_LC,TAD_NO_HALO,TAD_NO_UNDERSHOOT_COLUMN,NO_SOC_PHOTOMETRY|817|249|-2,-2;-2,-1;-2,0;-2,1;-2,2;-1,-2;-1,-1;-1,0;-1,1;-1,2;0,-2;0,-1;0,0;0,1;0,2;1,-2;1,-1;1,0;1,1;1,2;2,-2;2,-1;2,0;2,1;2,2
NEW|34|GO9005_LC,TAD_NO_HALO,TAD_NO_UNDERSHOOT_COLUMN,NO_SOC_PHOTOMETRY|867|259|-2,-2;-2,-1;-2,0;-2,1;-2,2;-1,-2;-1,-1;-1,0;-1,1;-1,2;0,-2;0,-1;0,0;0,1;0,2;1,-2;1,-1;1,0;1,1;1,2;2,-2;2,-1;2,0;2,1;2,2
NEW|17|GO9005_LC,TAD_NO_HALO,TAD_NO_UNDERSHOOT_COLUMN,NO_SOC_PHOTOMETRY|754|836|-5,-5;-5,-4;-5,-3;-5,-2;-5,-1;-5,0;-5,1;-5,2;-5,3;-5,4;-5,5;-4,-5;-4,-4;-4,-3;-4,-2;-4,-1;-4,0;-4,1;-4,2;-4,3;-4,4;-4,5;-3,-5;-3,-4;-3,-3;-3,-2;-3,-1;-3,0;-3,1;-3,2;-3,3;-3,4;-3,5;-2,-5;-2,-4;-2,-3;-2,-2;-2,-1;-2,0;-2,1;-2,2;-2,3;-2,4;-2,5;-1,-5;-1,-4;-1,-3;-1,-2;-1,-1;-1,0;-1,1;-1,2;-1,3;-1,4;-1,5;0,-5;0,-4;0,-3;0,-2;0,-1;0,0;0,1;0,2;0,3;0,4;0,5;1,-5;1,-4;1,-3;1,-2;1,-1;1,0;1,1;1,2;1,3;1,4;1,5;2,-5;2,-4;2,-3;2,-2;2,-1;2,0;2,1;2,2;2,3;2,4;2,5;3,-5;3,-4;3,-3;3,-2;3,-1;3,0;3,1;3,2;3,3;3,4;3,5;4,-5;4,-4;4,-3;4,-2;4,-1;4,0;4,1;4,2;4,3;4,4;4,5;5,-5;5,-4;5,-3;5,-2;5,-1;5,0;5,1;5,2;5,3;5,4;5,5
NEW|17|GO9005_LC,TAD_NO_HALO,TAD_NO_UNDERSHOOT_COLUMN,NO_SOC_PHOTOMETRY|734|806|-2,-2;-2,-1;-2,0;-2,1;-2,2;-1,-2;-1,-1;-1,0;-1,1;-1,2;0,-2;0,-1;0,0;0,1;0,2;1,-2;1,-1;1,0;1,1;1,2;2,-2;2,-1;2,0;2,1;2,2
NEW|17|GO9005_LC,TAD_NO_HALO,TAD_NO_UNDERSHOOT_COLUMN,NO_SOC_PHOTOMETRY|784|816|-2,-2;-2,-1;-2,0;-2,1;-2,2;-1,-2;-1,-1;-1,0;-1,1;-1,2;0,-2;0,-1;0,0;0,1;0,2;1,-2;1,-1;1,0;1,1;1,2;2,-2;2,-1;2,0;2,1;2,2
NEW|17|GO9005_LC,TAD_NO_HALO,TAD_NO_UNDERSHOOT_COLUMN,NO_SOC_PHOTOMETRY|724|856|-2,-2;-2,-1;-2,0;-2,1;-2,2;-1,-2;-1,-1;-1,0;-1,1;-1,2;0,-2;0,-1;0,0;0,1;0,2;1,-2;1,-1;1,0;1,1;1,2;2,-2;2,-1;2,0;2,1;2,2
NEW|17|GO9005_LC,TAD_NO_HALO,TAD_NO_UNDERSHOOT_COLUMN,NO_SOC_PHOTOMETRY|774|866|-2,-2;-2,-1;-2,0;-2,1;-2,2;-1,-2;-1,-1;-1,0;-1,1;-1,2;0,-2;0,-1;0,0;0,1;0,2;1,-2;1,-1;1,0;1,1;1,2;2,-2;2,-1;2,0;2,1;2,2
NEW|13|GO9005_LC,TAD_NO_HALO,TAD_NO_UNDERSHOOT_COLUMN,NO_SOC_PHOTOMETRY|599|163|-5,-5;-5,-4;-5,-3;-5,-2;-5,-1;-5,0;-5,1;-5,2;-5,3;-5,4;-5,5;-4,-5;-4,-4;-4,-3;-4,-2;-4,-1;-4,0;-4,1;-4,2;-4,3;-4,4;-4,5;-3,-5;-3,-4;-3,-3;-3,-2;-3,-1;-3,0;-3,1;-3,2;-3,3;-3,4;-3,5;-2,-5;-2,-4;-2,-3;-2,-2;-2,-1;-2,0;-2,1;-2,2;-2,3;-2,4;-2,5;-1,-5;-1,-4;-1,-3;-1,-2;-1,-1;-1,0;-1,1;-1,2;-1,3;-1,4;-1,5;0,-5;0,-4;0,-3;0,-2;0,-1;0,0;0,1;0,2;0,3;0,4;0,5;1,-5;1,-4;1,-3;1,-2;1,-1;1,0;1,1;1,2;1,3;1,4;1,5;2,-5;2,-4;2,-3;2,-2;2,-1;2,0;2,1;2,2;2,3;2,4;2,5;3,-5;3,-4;3,-3;3,-2;3,-1;3,0;3,1;3,2;3,3;3,4;3,5;4,-5;4,-4;4,-3;4,-2;4,-1;4,0;4,1;4,2;4,3;4,4;4,5;5,-5;5,-4;5,-3;5,-2;5,-1;5,0;5,1;5,2;5,3;5,4;5,5
NEW|13|GO9005_LC,TAD_NO_HALO,TAD_NO_UNDERSHOOT_COLUMN,NO_SOC_PHOTOMETRY|579|133|-2,-2;-2,-1;-2,0;-2,1;-2,2;-1,-2;-1,-1;-1,0;-1,1;-1,2;0,-2;0,-1;0,0;0,1;0,2;1,-2;1,-1;1,0;1,1;1,2;2,-2;2,-1;2,0;2,1;2,2
NEW|13|GO9005_LC,TAD_NO_HALO,TAD_NO_UNDERSHOOT_COLUMN,NO_SOC_PHOTOMETRY|629|143|-2,-2;-2,-1;-2,0;-2,1;-2,2;-1,-2;-1,-1;-1,0;-1,1;-1,2;0,-2;0,-1;0,0;0,1;0,2;1,-2;1,-1;1,0;1,1;1,2;2,-2;2,-1;2,0;2,1;2,2
NEW|13|GO9005_LC,TAD_NO_HALO,TAD_NO_UNDERSHOOT_COLUMN,NO_SOC_PHOTOMETRY|569|183|-2,-2;-2,-1;-2,0;-2,1;-2,2;-1,-2;-1,-1;-1,0;-1,1;-1,2;0,-2;0,-1;0,0;0,1;0,2;1,-2;1,-1;1,0;1,1;1,2;2,-2;2,-1;2,0;2,1;2,2
NEW|13|GO9005_LC,TAD_NO_HALO,TAD_NO_UNDERSHOOT_COLUMN,NO_SOC_PHOTOMETRY|619|193|-2,-2;-2,-1;-2,0;-2,1;-2,2;-1,-2;-1,-1;-1,0;-1,1;-1,2;0,-2;0,-1;0,0;0,1;0,2;1,-2;1,-1;1,0;1,1;1,2;2,-2;2,-1;2,0;2,1;2,2
NEW|20|GO9005_LC,TAD_NO_HALO,TAD_NO_UNDERSHOOT_COLUMN,NO_SOC_PHOTOMETRY|578|283|-5,-5;-5,-4;-5,-3;-5,-2;-5,-1;-5,0;-5,1;-5,2;-5,3;-5,4;-5,5;-4,-5;-4,-4;-4,-3;-4,-2;-4,-1;-4,0;-4,1;-4,2;-4,3;-4,4;-4,5;-3,-5;-3,-4;-3,-3;-3,-2;-3,-1;-3,0;-3,1;-3,2;-3,3;-3,4;-3,5;-2,-5;-2,-4;-2,-3;-2,-2;-2,-1;-2,0;-2,1;-2,2;-2,3;-2,4;-2,5;-1,-5;-1,-4;-1,-3;-1,-2;-1,-1;-1,0;-1,1;-1,2;-1,3;-1,4;-1,5;0,-5;0,-4;0,-3;0,-2;0,-1;0,0;0,1;0,2;0,3;0,4;0,5;1,-5;1,-4;1,-3;1,-2;1,-1;1,0;1,1;1,2;1,3;1,4;1,5;2,-5;2,-4;2,-3;2,-2;2,-1;2,0;2,1;2,2;2,3;2,4;2,5;3,-5;3,-4;3,-3;3,-2;3,-1;3,0;3,1;3,2;3,3;3,4;3,5;4,-5;4,-4;4,-3;4,-2;4,-1;4,0;4,1;4,2;4,3;4,4;4,5;5,-5;5,-4;5,-3;5,-2;5,-1;5,0;5,1;5,2;5,3;5,4;5,5
NEW|20|GO9005_LC,TAD_NO_HALO,TAD_NO_UNDERSHOOT_COLUMN,NO_SOC_PHOTOMETRY|558|253|-2,-2;-2,-1;-2,0;-2,1;-2,2;-1,-2;-1,-1;-1,0;-1,1;-1,2;0,-2;0,-1;0,0;0,1;0,2;1,-2;1,-1;1,0;1,1;1,2;2,-2;2,-1;2,0;2,1;2,2
NEW|20|GO9005_LC,TAD_NO_HALO,TAD_NO_UNDERSHOOT_COLUMN,NO_SOC_PHOTOMETRY|608|263|-2,-2;-2,-1;-2,0;-2,1;-2,2;-1,-2;-1,-1;-1,0;-1,1;-1,2;0,-2;0,-1;0,0;0,1;0,2;1,-2;1,-1;1,0;1,1;1,2;2,-2;2,-1;2,0;2,1;2,2
NEW|20|GO9005_LC,TAD_NO_HALO,TAD_NO_UNDERSHOOT_COLUMN,NO_SOC_PHOTOMETRY|548|303|-2,-2;-2,-1;-2,0;-2,1;-2,2;-1,-2;-1,-1;-1,0;-1,1;-1,2;0,-2;0,-1;0,0;0,1;0,2;1,-2;1,-1;1,0;1,1;1,2;2,-2;2,-1;2,0;2,1;2,2
NEW|20|GO9005_LC,TAD_NO_HALO,TAD_NO_UNDERSHOOT_COLUMN,NO_SOC_PHOTOMETRY|598|313|-2,-2;-2,-1;-2,0;-2,1;-2,2;-1,-2;-1,-1;-1,0;-1,1;-1,2;0,-2;0,-1;0,0;0,1;0,2;1,-2;1,-1;1,0;1,1;1,2;2,-2;2,-1;2,0;2,1;2,2
NEW|35|GO9005_LC,TAD_NO_HALO,TAD_NO_UNDERSHOOT_COLUMN,NO_SOC_PHOTOMETRY|625|253|-5,-5;-5,-4;-5,-3;-5,-2;-5,-1;-5,0;-5,1;-5,2;-5,3;-5,4;-5,5;-4,-5;-4,-4;-4,-3;-4,-2;-4,-1;-4,0;-4,1;-4,2;-4,3;-4,4;-4,5;-3,-5;-3,-4;-3,-3;-3,-2;-3,-1;-3,0;-3,1;-3,2;-3,3;-3,4;-3,5;-2,-5;-2,-4;-2,-3;-2,-2;-2,-1;-2,0;-2,1;-2,2;-2,3;-2,4;-2,5;-1,-5;-1,-4;-1,-3;-1,-2;-1,-1;-1,0;-1,1;-1,2;-1,3;-1,4;-1,5;0,-5;0,-4;0,-3;0,-2;0,-1;0,0;0,1;0,2;0,3;0,4;0,5;1,-5;1,-4;1,-3;1,-2;1,-1;1,0;1,1;1,2;1,3;1,4;1,5;2,-5;2,-4;2,-3;2,-2;2,-1;2,0;2,1;2,2;2,3;2,4;2,5;3,-5;3,-4;3,-3;3,-2;3,-1;3,0;3,1;3,2;3,3;3,4;3,5;4,-5;4,-4;4,-3;4,-2;4,-1;4,0;4,1;4,2;4,3;4,4;4,5;5,-5;5,-4;5,-3;5,-2;5,-1;5,0;5,1;5,2;5,3;5,4;5,5
NEW|35|GO9005_LC,TAD_NO_HALO,TAD_NO_UNDERSHOOT_COLUMN,NO_SOC_PHOTOMETRY|605|223|-2,-2;-2,-1;-2,0;-2,1;-2,2;-1,-2;-1,-1;-1,0;-1,1;-1,2;0,-2;0,-1;0,0;0,1;0,2;1,-2;1,-1;1,0;1,1;1,2;2,-2;2,-1;2,0;2,1;2,2
NEW|35|GO9005_LC,TAD_NO_HALO,TAD_NO_UNDERSHOOT_COLUMN,NO_SOC_PHOTOMETRY|655|233|-2,-2;-2,-1;-2,0;-2,1;-2,2;-1,-2;-1,-1;-1,0;-1,1;-1,2;0,-2;0,-1;0,0;0,1;0,2;1,-2;1,-1;1,0;1,1;1,2;2,-2;2,-1;2,0;2,1;2,2
NEW|35|GO9005_LC,TAD_NO_HALO,TAD_NO_UNDERSHOOT_COLUMN,NO_SOC_PHOTOMETRY|595|273|-2,-2;-2,-1;-2,0;-2,1;-2,2;-1,-2;-1,-1;-1,0;-1,1;-1,2;0,-2;0,-1;0,0;0,1;0,2;1,-2;1,-1;1,0;1,1;1,2;2,-2;2,-1;2,0;2,1;2,2
NEW|35|GO9005_LC,TAD_NO_HALO,TAD_NO_UNDERSHOOT_COLUMN,NO_SOC_PHOTOMETRY|645|283|-2,-2;-2,-1;-2,0;-2,1;-2,2;-1,-2;-1,-1;-1,0;-1,1;-1,2;0,-2;0,-1;0,0;0,1;0,2;1,-2;1,-1;1,0;1,1;1,2;2,-2;2,-1;2,0;2,1;2,2
NEW|75|GO9005_LC,TAD_NO_HALO,TAD_NO_UNDERSHOOT_COLUMN,NO_SOC_PHOTOMETRY|545|53|-5,-5;-5,-4;-5,-3;-5,-2;-5,-1;-5,0;-5,1;-5,2;-5,3;-5,4;-5,5;-4,-5;-4,-4;-4,-3;-4,-2;-4,-1;-4,0;-4,1;-4,2;-4,3;-4,4;-4,5;-3,-5;-3,-4;-3,-3;-3,-2;-3,-1;-3,0;-3,1;-3,2;-3,3;-3,4;-3,5;-2,-5;-2,-4;-2,-3;-2,-2;-2,-1;-2,0;-2,1;-2,2;-2,3;-2,4;-2,5;-1,-5;-1,-4;-1,-3;-1,-2;-1,-1;-1,0;-1,1;-1,2;-1,3;-1,4;-1,5;0,-5;0,-4;0,-3;0,-2;0,-1;0,0;0,1;0,2;0,3;0,4;0,5;1,-5;1,-4;1,-3;1,-2;1,-1;1,0;1,1;1,2;1,3;1,4;1,5;2,-5;2,-4;2,-3;2,-2;2,-1;2,0;2,1;2,2;2,3;2,4;2,5;3,-5;3,-4;3,-3;3,-2;3,-1;3,0;3,1;3,2;3,3;3,4;3,5;4,-5;4,-4;4,-3;4,-2;4,-1;4,0;4,1;4,2;4,3;4,4;4,5;5,-5;5,-4;5,-3;5,-2;5,-1;5,0;5,1;5,2;5,3;5,4;5,5
NEW|75|GO9005_LC,TAD_NO_HALO,TAD_NO_UNDERSHOOT_COLUMN,NO_SOC_PHOTOMETRY|525|23|-2,-2;-2,-1;-2,0;-2,1;-2,2;-1,-2;-1,-1;-1,0;-1,1;-1,2;0,-2;0,-1;0,0;0,1;0,2;1,-2;1,-1;1,0;1,1;1,2;2,-2;2,-1;2,0;2,1;2,2
NEW|75|GO9005_LC,TAD_NO_HALO,TAD_NO_UNDERSHOOT_COLUMN,NO_SOC_PHOTOMETRY|575|33|-2,-2;-2,-1;-2,0;-2,1;-2,2;-1,-2;-1,-1;-1,0;-1,1;-1,2;0,-2;0,-1;0,0;0,1;0,2;1,-2;1,-1;1,0;1,1;1,2;2,-2;2,-1;2,0;2,1;2,2
NEW|75|GO9005_LC,TAD_NO_HALO,TAD_NO_UNDERSHOOT_COLUMN,NO_SOC_PHOTOMETRY|515|73|-2,-2;-2,-1;-2,0;-2,1;-2,2;-1,-2;-1,-1;-1,0;-1,1;-1,2;0,-2;0,-1;0,0;0,1;0,2;1,-2;1,-1;1,0;1,1;1,2;2,-2;2,-1;2,0;2,1;2,2
NEW|75|GO9005_LC,TAD_NO_HALO,TAD_NO_UNDERSHOOT_COLUMN,NO_SOC_PHOTOMETRY|565|83|-2,-2;-2,-1;-2,0;-2,1;-2,2;-1,-2;-1,-1;-1,0;-1,1;-1,2;0,-2;0,-1;0,0;0,1;0,2;1,-2;1,-1;1,0;1,1;1,2;2,-2;2,-1;2,0;2,1;2,2
NEW|64|GO9005_LC,TAD_NO_HALO,TAD_NO_UNDERSHOOT_COLUMN,NO_SOC_PHOTOMETRY|546|302|-5,-5;-5,-4;-5,-3;-5,-2;-5,-1;-5,0;-5,1;-5,2;-5,3;-5,4;-5,5;-4,-5;-4,-4;-4,-3;-4,-2;-4,-1;-4,0;-4,1;-4,2;-4,3;-4,4;-4,5;-3,-5;-3,-4;-3,-3;-3,-2;-3,-1;-3,0;-3,1;-3,2;-3,3;-3,4;-3,5;-2,-5;-2,-4;-2,-3;-2,-2;-2,-1;-2,0;-2,1;-2,2;-2,3;-2,4;-2,5;-1,-5;-1,-4;-1,-3;-1,-2;-1,-1;-1,0;-1,1;-1,2;-1,3;-1,4;-1,5;0,-5;0,-4;0,-3;0,-2;0,-1;0,0;0,1;0,2;0,3;0,4;0,5;1,-5;1,-4;1,-3;1,-2;1,-1;1,0;1,1;1,2;1,3;1,4;1,5;2,-5;2,-4;2,-3;2,-2;2,-1;2,0;2,1;2,2;2,3;2,4;2,5;3,-5;3,-4;3,-3;3,-2;3,-1;3,0;3,1;3,2;3,3;3,4;3,5;4,-5;4,-4;4,-3;4,-2;4,-1;4,0;4,1;4,2;4,3;4,4;4,5;5,-5;5,-4;5,-3;5,-2;5,-1;5,0;5,1;5,2;5,3;5,4;5,5
NEW|64|GO9005_LC,TAD_NO_HALO,TAD_NO_UNDERSHOOT_COLUMN,NO_SOC_PHOTOMETRY|526|272|-2,-2;-2,-1;-2,0;-2,1;-2,2;-1,-2;-1,-1;-1,0;-1,1;-1,2;0,-2;0,-1;0,0;0,1;0,2;1,-2;1,-1;1,0;1,1;1,2;2,-2;2,-1;2,0;2,1;2,2
NEW|64|GO9005_LC,TAD_NO_HALO,TAD_NO_UNDERSHOOT_COLUMN,NO_SOC_PHOTOMETRY|576|282|-2,-2;-2,-1;-2,0;-2,1;-2,2;-1,-2;-1,-1;-1,0;-1,1;-1,2;0,-2;0,-1;0,0;0,1;0,2;1,-2;1,-1;1,0;1,1;1,2;2,-2;2,-1;2,0;2,1;2,2
NEW|64|GO9005_LC,TAD_NO_HALO,TAD_NO_UNDERSHOOT_COLUMN,NO_SOC_PHOTOMETRY|516|322|-2,-2;-2,-1;-2,0;-2,1;-2,2;-1,-2;-1,-1;-1,0;-1,1;-1,2;0,-2;0,-1;0,0;0,1;0,2;1,-2;1,-1;1,0;1,1;1,2;2,-2;2,-1;2,0;2,1;2,2
NEW|64|GO9005_LC,TAD_NO_HALO,TAD_NO_UNDERSHOOT_COLUMN,NO_SOC_PHOTOMETRY|566|332|-2,-2;-2,-1;-2,0;-2,1;-2,2;-1,-2;-1,-1;-1,0;-1,1;-1,2;0,-2;0,-1;0,0;0,1;0,2;1,-2;1,-1;1,0;1,1;1,2;2,-2;2,-1;2,0;2,1;2,2
NEW|74|GO9005_LC,TAD_NO_HALO,TAD_NO_UNDERSHOOT_COLUMN,NO_SOC_PHOTOMETRY|946|394|-5,-5;-5,-4;-5,-3;-5,-2;-5,-1;-5,0;-5,1;-5,2;-5,3;-5,4;-5,5;-4,-5;-4,-4;-4,-3;-4,-2;-4,-1;-4,0;-4,1;-4,2;-4,3;-4,4;-4,5;-3,-5;-3,-4;-3,-3;-3,-2;-3,-1;-3,0;-3,1;-3,2;-3,3;-3,4;-3,5;-2,-5;-2,-4;-2,-3;-2,-2;-2,-1;-2,0;-2,1;-2,2;-2,3;-2,4;-2,5;-1,-5;-1,-4;-1,-3;-1,-2;-1,-1;-1,0;-1,1;-1,2;-1,3;-1,4;-1,5;0,-5;0,-4;0,-3;0,-2;0,-1;0,0;0,1;0,2;0,3;0,4;0,5;1,-5;1,-4;1,-3;1,-2;1,-1;1,0;1,1;1,2;1,3;1,4;1,5;2,-5;2,-4;2,-3;2,-2;2,-1;2,0;2,1;2,2;2,3;2,4;2,5;3,-5;3,-4;3,-3;3,-2;3,-1;3,0;3,1;3,2;3,3;3,4;3,5;4,-5;4,-4;4,-3;4,-2;4,-1;4,0;4,1;4,2;4,3;4,4;4,5;5,-5;5,-4;5,-3;5,-2;5,-1;5,0;5,1;5,2;5,3;5,4;5,5
NEW|74|GO9005_LC,TAD_NO_HALO,TAD_NO_UNDERSHOOT_COLUMN,NO_SOC_PHOTOMETRY|926|364|-2,-2;-2,-1;-2,0;-2,1;-2,2;-1,-2;-1,-1;-1,0;-1,1;-1,2;0,-2;0,-1;0,0;0,1;0,2;1,-2;1,-1;1,0;1,1;1,2;2,-2;2,-1;2,0;2,1;2,2
NEW|74|GO9005_LC,TAD_NO_HALO,TAD_NO_UNDERSHOOT_COLUMN,NO_SOC_PHOTOMETRY|976|374|-2,-2;-2,-1;-2,0;-2,1;-2,2;-1,-2;-1,-1;-1,0;-1,1;-1,2;0,-2;0,-1;0,0;0,1;0,2;1,-2;1,-1;1,0;1,1;1,2;2,-2;2,-1;2,0;2,1;2,2
NEW|74|GO9005_LC,TAD_NO_HALO,TAD_NO_UNDERSHOOT_COLUMN,NO_SOC_PHOTOMETRY|916|414|-2,-2;-2,-1;-2,0;-2,1;-2,2;-1,-2;-1,-1;-1,0;-1,1;-1,2;0,-2;0,-1;0,0;0,1;0,2;1,-2;1,-1;1,0;1,1;1,2;2,-2;2,-1;2,0;2,1;2,2
NEW|74|GO9005_LC,TAD_NO_HALO,TAD_NO_UNDERSHOOT_COLUMN,NO_SOC_PHOTOMETRY|966|424|-2,-2;-2,-1;-2,0;-2,1;-2,2;-1,-2;-1,-1;-1,0;-1,1;-1,2;0,-2;0,-1;0,0;0,1;0,2;1,-2;1,-1;1,0;1,1;1,2;2,-2;2,-1;2,0;2,1;2,2
NEW|76|GO9005_LC,TAD_NO_HALO,TAD_NO_UNDERSHOOT_COLUMN,NO_SOC_PHOTOMETRY|652|967|-5,-5;-5,-4;-5,-3;-5,-2;-5,-1;-5,0;-5,1;-5,2;-5,3;-5,4;-5,5;-4,-5;-4,-4;-4,-3;-4,-2;-4,-1;-4,0;-4,1;-4,2;-4,3;-4,4;-4,5;-3,-5;-3,-4;-3,-3;-3,-2;-3,-1;-3,0;-3,1;-3,2;-3,3;-3,4;-3,5;-2,-5;-2,-4;-2,-3;-2,-2;-2,-1;-2,0;-2,1;-2,2;-2,3;-2,4;-2,5;-1,-5;-1,-4;-1,-3;-1,-2;-1,-1;-1,0;-1,1;-1,2;-1,3;-1,4;-1,5;0,-5;0,-4;0,-3;0,-2;0,-1;0,0;0,1;0,2;0,3;0,4;0,5;1,-5;1,-4;1,-3;1,-2;1,-1;1,0;1,1;1,2;1,3;1,4;1,5;2,-5;2,-4;2,-3;2,-2;2,-1;2,0;2,1;2,2;2,3;2,4;2,5;3,-5;3,-4;3,-3;3,-2;3,-1;3,0;3,1;3,2;3,3;3,4;3,5;4,-5;4,-4;4,-3;4,-2;4,-1;4,0;4,1;4,2;4,3;4,4;4,5;5,-5;5,-4;5,-3;5,-2;5,-1;5,0;5,1;5,2;5,3;5,4;5,5
NEW|76|GO9005_LC,TAD_NO_HALO,TAD_NO_UNDERSHOOT_COLUMN,NO_SOC_PHOTOMETRY|632|937|-2,-2;-2,-1;-2,0;-2,1;-2,2;-1,-2;-1,-1;-1,0;-1,1;-1,2;0,-2;0,-1;0,0;0,1;0,2;1,-2;1,-1;1,0;1,1;1,2;2,-2;2,-1;2,0;2,1;2,2
NEW|76|GO9005_LC,TAD_NO_HALO,TAD_NO_UNDERSHOOT_COLUMN,NO_SOC_PHOTOMETRY|682|947|-2,-2;-2,-1;-2,0;-2,1;-2,2;-1,-2;-1,-1;-1,0;-1,1;-1,2;0,-2;0,-1;0,0;0,1;0,2;1,-2;1,-1;1,0;1,1;1,2;2,-2;2,-1;2,0;2,1;2,2
NEW|76|GO9005_LC,TAD_NO_HALO,TAD_NO_UNDERSHOOT_COLUMN,NO_SOC_PHOTOMETRY|622|987|-2,-2;-2,-1;-2,0;-2,1;-2,2;-1,-2;-1,-1;-1,0;-1,1;-1,2;0,-2;0,-1;0,0;0,1;0,2;1,-2;1,-1;1,0;1,1;1,2;2,-2;2,-1;2,0;2,1;2,2
NEW|76|GO9005_LC,TAD_NO_HALO,TAD_NO_UNDERSHOOT_COLUMN,NO_SOC_PHOTOMETRY|672|997|-2,-2;-2,-1;-2,0;-2,1;-2,2;-1,-2;-1,-1;-1,0;-1,1;-1,2;0,-2;0,-1;0,0;0,1;0,2;1,-2;1,-1;1,0;1,1;1,2;2,-2;2,-1;2,0;2,1;2,2
NEW|58|GO9005_LC,TAD_NO_HALO,TAD_NO_UNDERSHOOT_COLUMN,NO_SOC_PHOTOMETRY|185|1036|-5,-5;-5,-4;-5,-3;-5,-2;-5,-1;-5,0;-5,1;-5,2;-5,3;-5,4;-5,5;-4,-5;-4,-4;-4,-3;-4,-2;-4,-1;-4,0;-4,1;-4,2;-4,3;-4,4;-4,5;-3,-5;-3,-4;-3,-3;-3,-2;-3,-1;-3,0;-3,1;-3,2;-3,3;-3,4;-3,5;-2,-5;-2,-4;-2,-3;-2,-2;-2,-1;-2,0;-2,1;-2,2;-2,3;-2,4;-2,5;-1,-5;-1,-4;-1,-3;-1,-2;-1,-1;-1,0;-1,1;-1,2;-1,3;-1,4;-1,5;0,-5;0,-4;0,-3;0,-2;0,-1;0,0;0,1;0,2;0,3;0,4;0,5;1,-5;1,-4;1,-3;1,-2;1,-1;1,0;1,1;1,2;1,3;1,4;1,5;2,-5;2,-4;2,-3;2,-2;2,-1;2,0;2,1;2,2;2,3;2,4;2,5;3,-5;3,-4;3,-3;3,-2;3,-1;3,0;3,1;3,2;3,3;3,4;3,5;4,-5;4,-4;4,-3;4,-2;4,-1;4,0;4,1;4,2;4,3;4,4;4,5;5,-5;5,-4;5,-3;5,-2;5,-1;5,0;5,1;5,2;5,3;5,4;5,5
NEW|58|GO9005_LC,TAD_NO_HALO,TAD_NO_UNDERSHOOT_COLUMN,NO_SOC_PHOTOMETRY|165|1006|-2,-2;-2,-1;-2,0;-2,1;-2,2;-1,-2;-1,-1;-1,0;-1,1;-1,2;0,-2;0,-1;0,0;0,1;0,2;1,-2;1,-1;1,0;1,1;1,2;2,-2;2,-1;2,0;2,1;2,2
NEW|58|GO9005_LC,TAD_NO_HALO,TAD_NO_UNDERSHOOT_COLUMN,NO_SOC_PHOTOMETRY|215|1016|-2,-2;-2,-1;-2,0;-2,1;-2,2;-1,-2;-1,-1;-1,0;-1,1;-1,2;0,-2;0,-1;0,0;0,1;0,2;1,-2;1,-1;1,0;1,1;1,2;2,-2;2,-1;2,0;2,1;2,2
NEW|58|GO9005_LC,TAD_NO_HALO,TAD_NO_UNDERSHOOT_COLUMN,NO_SOC_PHOTOMETRY|155|1056|-2,-2;-2,-1;-2,0;-2,1;-2,2;-1,-2;-1,-1;-1,0;-1,1;-1,2;0,-2;0,-1;0,0;0,1;0,2;1,-2;1,-1;1,0;1,1;1,2;2,-2;2,-1;2,0;2,1;2,2
NEW|58|GO9005_LC,TAD_NO_HALO,TAD_NO_UNDERSHOOT_COLUMN,NO_SOC_PHOTOMETRY|205|1066|-2,-2;-2,-1;-2,0;-2,1;-2,2;-1,-2;-1,-1;-1,0;-1,1;-1,2;0,-2;0,-1;0,0;0,1;0,2;1,-2;1,-1;1,0;1,1;1,2;2,-2;2,-1;2,0;2,1;2,2
NEW|24|GO9005_LC,TAD_NO_HALO,TAD_NO_UNDERSHOOT_COLUMN,NO_SOC_PHOTOMETRY|847|305|-5,-5;-5,-4;-5,-3;-5,-2;-5,-1;-5,0;-5,1;-5,2;-5,3;-5,4;-5,5;-4,-5;-4,-4;-4,-3;-4,-2;-4,-1;-4,0;-4,1;-4,2;-4,3;-4,4;-4,5;-3,-5;-3,-4;-3,-3;-3,-2;-3,-1;-3,0;-3,1;-3,2;-3,3;-3,4;-3,5;-2,-5;-2,-4;-2,-3;-2,-2;-2,-1;-2,0;-2,1;-2,2;-2,3;-2,4;-2,5;-1,-5;-1,-4;-1,-3;-1,-2;-1,-1;-1,0;-1,1;-1,2;-1,3;-1,4;-1,5;0,-5;0,-4;0,-3;0,-2;0,-1;0,0;0,1;0,2;0,3;0,4;0,5;1,-5;1,-4;1,-3;1,-2;1,-1;1,0;1,1;1,2;1,3;1,4;1,5;2,-5;2,-4;2,-3;2,-2;2,-1;2,0;2,1;2,2;2,3;2,4;2,5;3,-5;3,-4;3,-3;3,-2;3,-1;3,0;3,1;3,2;3,3;3,4;3,5;4,-5;4,-4;4,-3;4,-2;4,-1;4,0;4,1;4,2;4,3;4,4;4,5;5,-5;5,-4;5,-3;5,-2;5,-1;5,0;5,1;5,2;5,3;5,4;5,5
NEW|24|GO9005_LC,TAD_NO_HALO,TAD_NO_UNDERSHOOT_COLUMN,NO_SOC_PHOTOMETRY|827|275|-2,-2;-2,-1;-2,0;-2,1;-2,2;-1,-2;-1,-1;-1,0;-1,1;-1,2;0,-2;0,-1;0,0;0,1;0,2;1,-2;1,-1;1,0;1,1;1,2;2,-2;2,-1;2,0;2,1;2,2
NEW|24|GO9005_LC,TAD_NO_HALO,TAD_NO_UNDERSHOOT_COLUMN,NO_SOC_PHOTOMETRY|877|285|-2,-2;-2,-1;-2,0;-2,1;-2,2;-1,-2;-1,-1;-1,0;-1,1;-1,2;0,-2;0,-1;0,0;0,1;0,2;1,-2;1,-1;1,0;1,1;1,2;2,-2;2,-1;2,0;2,1;2,2
NEW|24|GO9005_LC,TAD_NO_HALO,TAD_NO_UNDERSHOOT_COLUMN,NO_SOC_PHOTOMETRY|817|325|-2,-2;-2,-1;-2,0;-2,1;-2,2;-1,-2;-1,-1;-1,0;-1,1;-1,2;0,-2;0,-1;0,0;0,1;0,2;1,-2;1,-1;1,0;1,1;1,2;2,-2;2,-1;2,0;2,1;2,2
NEW|24|GO9005_LC,TAD_NO_HALO,TAD_NO_UNDERSHOOT_COLUMN,NO_SOC_PHOTOMETRY|867|335|-2,-2;-2,-1;-2,0;-2,1;-2,2;-1,-2;-1,-1;-1,0;-1,1;-1,2;0,-2;0,-1;0,0;0,1;0,2;1,-2;1,-1;1,0;1,1;1,2;2,-2;2,-1;2,0;2,1;2,2
NEW|36|GO9005_LC,TAD_NO_HALO,TAD_NO_UNDERSHOOT_COLUMN,NO_SOC_PHOTOMETRY|994|1094|-5,-5;-5,-4;-5,-3;-5,-2;-5,-1;-5,0;-5,1;-5,2;-5,3;-5,4;-5,5;-4,-5;-4,-4;-4,-3;-4,-2;-4,-1;-4,0;-4,1;-4,2;-4,3;-4,4;-4,5;-3,-5;-3,-4;-3,-3;-3,-2;-3,-1;-3,0;-3,1;-3,2;-3,3;-3,4;-3,5;-2,-5;-2,-4;-2,-3;-2,-2;-2,-1;-2,0;-2,1;-2,2;-2,3;-2,4;-2,5;-1,-5;-1,-4;-1,-3;-1,-2;-1,-1;-1,0;-1,1;-1,2;-1,3;-1,4;-1,5;0,-5;0,-4;0,-3;0,-2;0,-1;0,0;0,1;0,2;0,3;0,4;0,5;1,-5;1,-4;1,-3;1,-2;1,-1;1,0;1,1;1,2;1,3;1,4;1,5;2,-5;2,-4;2,-3;2,-2;2,-1;2,0;2,1;2,2;2,3;2,4;2,5;3,-5;3,-4;3,-3;3,-2;3,-1;3,0;3,1;3,2;3,3;3,4;3,5;4,-5;4,-4;4,-3;4,-2;4,-1;4,0;4,1;4,2;4,3;4,4;4,5;5,-5;5,-4;5,-3;5,-2;5,-1;5,0;5,1;5,2;5,3;5,4;5,5
NEW|36|GO9005_LC,TAD_NO_HALO,TAD_NO_UNDERSHOOT_COLUMN,NO_SOC_PHOTOMETRY|974|1064|-2,-2;-2,-1;-2,0;-2,1;-2,2;-1,-2;-1,-1;-1,0;-1,1;-1,2;0,-2;0,-1;0,0;0,1;0,2;1,-2;1,-1;1,0;1,1;1,2;2,-2;2,-1;2,0;2,1;2,2
NEW|36|GO9005_LC,TAD_NO_HALO,TAD_NO_UNDERSHOOT_COLUMN,NO_SOC_PHOTOMETRY|1024|1074|-2,-2;-2,-1;-2,0;-2,1;-2,2;-1,-2;-1,-1;-1,0;-1,1;-1,2;0,-2;0,-1;0,0;0,1;0,2;1,-2;1,-1;1,0;1,1;1,2;2,-2;2,-1;2,0;2,1;2,2
NEW|63|GO9005_LC,TAD_NO_HALO,TAD_NO_UNDERSHOOT_COLUMN,NO_SOC_PHOTOMETRY|522|334|-5,-5;-5,-4;-5,-3;-5,-2;-5,-1;-5,0;-5,1;-5,2;-5,3;-5,4;-5,5;-4,-5;-4,-4;-4,-3;-4,-2;-4,-1;-4,0;-4,1;-4,2;-4,3;-4,4;-4,5;-3,-5;-3,-4;-3,-3;-3,-2;-3,-1;-3,0;-3,1;-3,2;-3,3;-3,4;-3,5;-2,-5;-2,-4;-2,-3;-2,-2;-2,-1;-2,0;-2,1;-2,2;-2,3;-2,4;-2,5;-1,-5;-1,-4;-1,-3;-1,-2;-1,-1;-1,0;-1,1;-1,2;-1,3;-1,4;-1,5;0,-5;0,-4;0,-3;0,-2;0,-1;0,0;0,1;0,2;0,3;0,4;0,5;1,-5;1,-4;1,-3;1,-2;1,-1;1,0;1,1;1,2;1,3;1,4;1,5;2,-5;2,-4;2,-3;2,-2;2,-1;2,0;2,1;2,2;2,3;2,4;2,5;3,-5;3,-4;3,-3;3,-2;3,-1;3,0;3,1;3,2;3,3;3,4;3,5;4,-5;4,-4;4,-3;4,-2;4,-1;4,0;4,1;4,2;4,3;4,4;4,5;5,-5;5,-4;5,-3;5,-2;5,-1;5,0;5,1;5,2;5,3;5,4;5,5
NEW|63|GO9005_LC,TAD_NO_HALO,TAD_NO_UNDERSHOOT_COLUMN,NO_SOC_PHOTOMETRY|502|304|-2,-2;-2,-1;-2,0;-2,1;-2,2;-1,-2;-1,-1;-1,0;-1,1;-1,2;0,-2;0,-1;0,0;0,1;0,2;1,-2;1,-1;1,0;1,1;1,2;2,-2;2,-1;2,0;2,1;2,2
NEW|63|GO9005_LC,TAD_NO_HALO,TAD_NO_UNDERSHOOT_COLUMN,NO_SOC_PHOTOMETRY|552|314|-2,-2;-2,-1;-2,0;-2,1;-2,2;-1,-2;-1,-1;-1,0;-1,1;-1,2;0,-2;0,-1;0,0;0,1;0,2;1,-2;1,-1;1,0;1,1;1,2;2,-2;2,-1;2,0;2,1;2,2
NEW|63|GO9005_LC,TAD_NO_HALO,TAD_NO_UNDERSHOOT_COLUMN,NO_SOC_PHOTOMETRY|492|354|-2,-2;-2,-1;-2,0;-2,1;-2,2;-1,-2;-1,-1;-1,0;-1,1;-1,2;0,-2;0,-1;0,0;0,1;0,2;1,-2;1,-1;1,0;1,1;1,2;2,-2;2,-1;2,0;2,1;2,2
NEW|63|GO9005_LC,TAD_NO_HALO,TAD_NO_UNDERSHOOT_COLUMN,NO_SOC_PHOTOMETRY|542|364|-2,-2;-2,-1;-2,0;-2,1;-2,2;-1,-2;-1,-1;-1,0;-1,1;-1,2;0,-2;0,-1;0,0;0,1;0,2;1,-2;1,-1;1,0;1,1;1,2;2,-2;2,-1;2,0;2,1;2,2
NEW|35|GO9005_LC,TAD_NO_HALO,TAD_NO_UNDERSHOOT_COLUMN,NO_SOC_PHOTOMETRY|874|102|-5,-5;-5,-4;-5,-3;-5,-2;-5,-1;-5,0;-5,1;-5,2;-5,3;-5,4;-5,5;-4,-5;-4,-4;-4,-3;-4,-2;-4,-1;-4,0;-4,1;-4,2;-4,3;-4,4;-4,5;-3,-5;-3,-4;-3,-3;-3,-2;-3,-1;-3,0;-3,1;-3,2;-3,3;-3,4;-3,5;-2,-5;-2,-4;-2,-3;-2,-2;-2,-1;-2,0;-2,1;-2,2;-2,3;-2,4;-2,5;-1,-5;-1,-4;-1,-3;-1,-2;-1,-1;-1,0;-1,1;-1,2;-1,3;-1,4;-1,5;0,-5;0,-4;0,-3;0,-2;0,-1;0,0;0,1;0,2;0,3;0,4;0,5;1,-5;1,-4;1,-3;1,-2;1,-1;1,0;1,1;1,2;1,3;1,4;1,5;2,-5;2,-4;2,-3;2,-2;2,-1;2,0;2,1;2,2;2,3;2,4;2,5;3,-5;3,-4;3,-3;3,-2;3,-1;3,0;3,1;3,2;3,3;3,4;3,5;4,-5;4,-4;4,-3;4,-2;4,-1;4,0;4,1;4,2;4,3;4,4;4,5;5,-5;5,-4;5,-3;5,-2;5,-1;5,0;5,1;5,2;5,3;5,4;5,5
NEW|35|GO9005_LC,TAD_NO_HALO,TAD_NO_UNDERSHOOT_COLUMN,NO_SOC_PHOTOMETRY|854|72|-2,-2;-2,-1;-2,0;-2,1;-2,2;-1,-2;-1,-1;-1,0;-1,1;-1,2;0,-2;0,-1;0,0;0,1;0,2;1,-2;1,-1;1,0;1,1;1,2;2,-2;2,-1;2,0;2,1;2,2
NEW|35|GO9005_LC,TAD_NO_HALO,TAD_NO_UNDERSHOOT_COLUMN,NO_SOC_PHOTOMETRY|904|82|-2,-2;-2,-1;-2,0;-2,1;-2,2;-1,-2;-1,-1;-1,0;-1,1;-1,2;0,-2;0,-1;0,0;0,1;0,2;1,-2;1,-1;1,0;1,1;1,2;2,-2;2,-1;2,0;2,1;2,2
NEW|35|GO9005_LC,TAD_NO_HALO,TAD_NO_UNDERSHOOT_COLUMN,NO_SOC_PHOTOMETRY|844|122|-2,-2;-2,-1;-2,0;-2,1;-2,2;-1,-2;-1,-1;-1,0;-1,1;-1,2;0,-2;0,-1;0,0;0,1;0,2;1,-2;1,-1;1,0;1,1;1,2;2,-2;2,-1;2,0;2,1;2,2
NEW|35|GO9005_LC,TAD_NO_HALO,TAD_NO_UNDERSHOOT_COLUMN,NO_SOC_PHOTOMETRY|894|132|-2,-2;-2,-1;-2,0;-2,1;-2,2;-1,-2;-1,-1;-1,0;-1,1;-1,2;0,-2;0,-1;0,0;0,1;0,2;1,-2;1,-1;1,0;1,1;1,2;2,-2;2,-1;2,0;2,1;2,2
NEW|14|GO9005_LC,TAD_NO_HALO,TAD_NO_UNDERSHOOT_COLUMN,NO_SOC_PHOTOMETRY|297|789|-5,-5;-5,-4;-5,-3;-5,-2;-5,-1;-5,0;-5,1;-5,2;-5,3;-5,4;-5,5;-4,-5;-4,-4;-4,-3;-4,-2;-4,-1;-4,0;-4,1;-4,2;-4,3;-4,4;-4,5;-3,-5;-3,-4;-3,-3;-3,-2;-3,-1;-3,0;-3,1;-3,2;-3,3;-3,4;-3,5;-2,-5;-2,-4;-2,-3;-2,-2;-2,-1;-2,0;-2,1;-2,2;-2,3;-2,4;-2,5;-1,-5;-1,-4;-1,-3;-1,-2;-1,-1;-1,0;-1,1;-1,2;-1,3;-1,4;-1,5;0,-5;0,-4;0,-3;0,-2;0,-1;0,0;0,1;0,2;0,3;0,4;0,5;1,-5;1,-4;1,-3;1,-2;1,-1;1,0;1,1;1,2;1,3;1,4;1,5;2,-5;2,-4;2,-3;2,-2;2,-1;2,0;2,1;2,2;2,3;2,4;2,5;3,-5;3,-4;3,-3;3,-2;3,-1;3,0;3,1;3,2;3,3;3,4;3,5;4,-5;4,-4;4,-3;4,-2;4,-1;4,0;4,1;4,2;4,3;4,4;4,5;5,-5;5,-4;5,-3;5,-2;5,-1;5,0;5,1;5,2;5,3;5,4;5,5
NEW|14|GO9005_LC,TAD_NO_HALO,TAD_NO_UNDERSHOOT_COLUMN,NO_SOC_PHOTOMETRY|277|759|-2,-2;-2,-1;-2,0;-2,1;-2,2;-1,-2;-1,-1;-1,0;-1,1;-1,2;0,-2;0,-1;0,0;0,1;0,2;1,-2;1,-1;1,0;1,1;1,2;2,-2;2,-1;2,0;2,1;2,2
NEW|14|GO9005_LC,TAD_NO_HALO,TAD_NO_UNDERSHOOT_COLUMN,NO_SOC_PHOTOMETRY|327|769|-2,-2;-2,-1;-2,0;-2,1;-2,2;-1,-2;-1,-1;-1,0;-1,1;-1,2;0,-2;0,-1;0,0;0,1;0,2;1,-2;1,-1;1,0;1,1;1,2;2,-2;2,-1;2,0;2,1;2,2
NEW|14|GO9005_LC,TAD_NO_HALO,TAD_NO_UNDERSHOOT_COLUMN,NO_SOC_PHOTOMETRY|267|809|-2,-2;-2,-1;-2,0;-2,1;-2,2;-1,-2;-1,-1;-1,0;-1,1;-1,2;0,-2;0,-1;0,0;0,1;0,2;1,-2;1,-1;1,0;1,1;1,2;2,-2;2,-1;2,0;2,1;2,2
NEW|14|GO9005_LC,TAD_NO_HALO,TAD_NO_UNDERSHOOT_COLUMN,NO_SOC_PHOTOMETRY|317|819|-2,-2;-2,-1;-2,0;-2,1;-2,2;-1,-2;-1,-1;-1,0;-1,1;-1,2;0,-2;0,-1;0,0;0,1;0,2;1,-2;1,-1;1,0;1,1;1,2;2,-2;2,-1;2,0;2,1;2,2
NEW|18|GO9005_LC,TAD_NO_HALO,TAD_NO_UNDERSHOOT_COLUMN,NO_SOC_PHOTOMETRY|281|363|-5,-5;-5,-4;-5,-3;-5,-2;-5,-1;-5,0;-5,1;-5,2;-5,3;-5,4;-5,5;-4,-5;-4,-4;-4,-3;-4,-2;-4,-1;-4,0;-4,1;-4,2;-4,3;-4,4;-4,5;-3,-5;-3,-4;-3,-3;-3,-2;-3,-1;-3,0;-3,1;-3,2;-3,3;-3,4;-3,5;-2,-5;-2,-4;-2,-3;-2,-2;-2,-1;-2,0;-2,1;-2,2;-2,3;-2,4;-2,5;-1,-5;-1,-4;-1,-3;-1,-2;-1,-1;-1,0;-1,1;-1,2;-1,3;-1,4;-1,5;0,-5;0,-4;0,-3;0,-2;0,-1;0,0;0,1;0,2;0,3;0,4;0,5;1,-5;1,-4;1,-3;1,-2;1,-1;1,0;1,1;1,2;1,3;1,4;1,5;2,-5;2,-4;2,-3;2,-2;2,-1;2,0;2,1;2,2;2,3;2,4;2,5;3,-5;3,-4;3,-3;3,-2;3,-1;3,0;3,1;3,2;3,3;3,4;3,5;4,-5;4,-4;4,-3;4,-2;4,-1;4,0;4,1;4,2;4,3;4,4;4,5;5,-5;5,-4;5,-3;5,-2;5,-1;5,0;5,1;5,2;5,3;5,4;5,5
NEW|18|GO9005_LC,TAD_NO_HALO,TAD_NO_UNDERSHOOT_COLUMN,NO_SOC_PHOTOMETRY|261|333|-2,-2;-2,-1;-2,0;-2,1;-2,2;-1,-2;-1,-1;-1,0;-1,1;-1,2;0,-2;0,-1;0,0;0,1;0,2;1,-2;1,-1;1,0;1,1;1,2;2,-2;2,-1;2,0;2,1;2,2
NEW|18|GO9005_LC,TAD_NO_HALO,TAD_NO_UNDERSHOOT_COLUMN,NO_SOC_PHOTOMETRY|311|343|-2,-2;-2,-1;-2,0;-2,1;-2,2;-1,-2;-1,-1;-1,0;-1,1;-1,2;0,-2;0,-1;0,0;0,1;0,2;1,-2;1,-1;1,0;1,1;1,2;2,-2;2,-1;2,0;2,1;2,2
NEW|18|GO9005_LC,TAD_NO_HALO,TAD_NO_UNDERSHOOT_COLUMN,NO_SOC_PHOTOMETRY|251|383|-2,-2;-2,-1;-2,0;-2,1;-2,2;-1,-2;-1,-1;-1,0;-1,1;-1,2;0,-2;0,-1;0,0;0,1;0,2;1,-2;1,-1;1,0;1,1;1,2;2,-2;2,-1;2,0;2,1;2,2
NEW|18|GO9005_LC,TAD_NO_HALO,TAD_NO_UNDERSHOOT_COLUMN,NO_SOC_PHOTOMETRY|301|393|-2,-2;-2,-1;-2,0;-2,1;-2,2;-1,-2;-1,-1;-1,0;-1,1;-1,2;0,-2;0,-1;0,0;0,1;0,2;1,-2;1,-1;1,0;1,1;1,2;2,-2;2,-1;2,0;2,1;2,2
NEW|39|GO9005_LC,TAD_NO_HALO,TAD_NO_UNDERSHOOT_COLUMN,NO_SOC_PHOTOMETRY|548|428|-5,-5;-5,-4;-5,-3;-5,-2;-5,-1;-5,0;-5,1;-5,2;-5,3;-5,4;-5,5;-4,-5;-4,-4;-4,-3;-4,-2;-4,-1;-4,0;-4,1;-4,2;-4,3;-4,4;-4,5;-3,-5;-3,-4;-3,-3;-3,-2;-3,-1;-3,0;-3,1;-3,2;-3,3;-3,4;-3,5;-2,-5;-2,-4;-2,-3;-2,-2;-2,-1;-2,0;-2,1;-2,2;-2,3;-2,4;-2,5;-1,-5;-1,-4;-1,-3;-1,-2;-1,-1;-1,0;-1,1;-1,2;-1,3;-1,4;-1,5;0,-5;0,-4;0,-3;0,-2;0,-1;0,0;0,1;0,2;0,3;0,4;0,5;1,-5;1,-4;1,-3;1,-2;1,-1;1,0;1,1;1,2;1,3;1,4;1,5;2,-5;2,-4;2,-3;2,-2;2,-1;2,0;2,1;2,2;2,3;2,4;2,5;3,-5;3,-4;3,-3;3,-2;3,-1;3,0;3,1;3,2;3,3;3,4;3,5;4,-5;4,-4;4,-3;4,-2;4,-1;4,0;4,1;4,2;4,3;4,4;4,5;5,-5;5,-4;5,-3;5,-2;5,-1;5,0;5,1;5,2;5,3;5,4;5,5
NEW|39|GO9005_LC,TAD_NO_HALO,TAD_NO_UNDERSHOOT_COLUMN,NO_SOC_PHOTOMETRY|528|398|-2,-2;-2,-1;-2,0;-2,1;-2,2;-1,-2;-1,-1;-1,0;-1,1;-1,2;0,-2;0,-1;0,0;0,1;0,2;1,-2;1,-1;1,0;1,1;1,2;2,-2;2,-1;2,0;2,1;2,2
NEW|39|GO9005_LC,TAD_NO_HALO,TAD_NO_UNDERSHOOT_COLUMN,NO_SOC_PHOTOMETRY|578|408|-2,-2;-2,-1;-2,0;-2,1;-2,2;-1,-2;-1,-1;-1,0;-1,1;-1,2;0,-2;0,-1;0,0;0,1;0,2;1,-2;1,-1;1,0;1,1;1,2;2,-2;2,-1;2,0;2,1;2,2
NEW|39|GO9005_LC,TAD_NO_HALO,TAD_NO_UNDERSHOOT_COLUMN,NO_SOC_PHOTOMETRY|518|448|-2,-2;-2,-1;-2,0;-2,1;-2,2;-1,-2;-1,-1;-1,0;-1,1;-1,2;0,-2;0,-1;0,0;0,1;0,2;1,-2;1,-1;1,0;1,1;1,2;2,-2;2,-1;2,0;2,1;2,2
NEW|39|GO9005_LC,TAD_NO_HALO,TAD_NO_UNDERSHOOT_COLUMN,NO_SOC_PHOTOMETRY|568|458|-2,-2;-2,-1;-2,0;-2,1;-2,2;-1,-2;-1,-1;-1,0;-1,1;-1,2;0,-2;0,-1;0,0;0,1;0,2;1,-2;1,-1;1,0;1,1;1,2;2,-2;2,-1;2,0;2,1;2,2
NEW|17|GO9005_LC,TAD_NO_HALO,TAD_NO_UNDERSHOOT_COLUMN,NO_SOC_PHOTOMETRY|420|1105|-5,-5;-5,-4;-5,-3;-5,-2;-5,-1;-5,0;-5,1;-5,2;-5,3;-5,4;-5,5;-4,-5;-4,-4;-4,-3;-4,-2;-4,-1;-4,0;-4,1;-4,2;-4,3;-4,4;-4,5;-3,-5;-3,-4;-3,-3;-3,-2;-3,-1;-3,0;-3,1;-3,2;-3,3;-3,4;-3,5;-2,-5;-2,-4;-2,-3;-2,-2;-2,-1;-2,0;-2,1;-2,2;-2,3;-2,4;-2,5;-1,-5;-1,-4;-1,-3;-1,-2;-1,-1;-1,0;-1,1;-1,2;-1,3;-1,4;-1,5;0,-5;0,-4;0,-3;0,-2;0,-1;0,0;0,1;0,2;0,3;0,4;0,5;1,-5;1,-4;1,-3;1,-2;1,-1;1,0;1,1;1,2;1,3;1,4;1,5;2,-5;2,-4;2,-3;2,-2;2,-1;2,0;2,1;2,2;2,3;2,4;2,5;3,-5;3,-4;3,-3;3,-2;3,-1;3,0;3,1;3,2;3,3;3,4;3,5;4,-5;4,-4;4,-3;4,-2;4,-1;4,0;4,1;4,2;4,3;4,4;4,5;5,-5;5,-4;5,-3;5,-2;5,-1;5,0;5,1;5,2;5,3;5,4;5,5
NEW|17|GO9005_LC,TAD_NO_HALO,TAD_NO_UNDERSHOOT_COLUMN,NO_SOC_PHOTOMETRY|400|1075|-2,-2;-2,-1;-2,0;-2,1;-2,2;-1,-2;-1,-1;-1,0;-1,1;-1,2;0,-2;0,-1;0,0;0,1;0,2;1,-2;1,-1;1,0;1,1;1,2;2,-2;2,-1;2,0;2,1;2,2
NEW|17|GO9005_LC,TAD_NO_HALO,TAD_NO_UNDERSHOOT_COLUMN,NO_SOC_PHOTOMETRY|450|1085|-2,-2;-2,-1;-2,0;-2,1;-2,2;-1,-2;-1,-1;-1,0;-1,1;-1,2;0,-2;0,-1;0,0;0,1;0,2;1,-2;1,-1;1,0;1,1;1,2;2,-2;2,-1;2,0;2,1;2,2
NEW|74|GO9005_LC,TAD_NO_HALO,TAD_NO_UNDERSHOOT_COLUMN,NO_SOC_PHOTOMETRY|767|520|-5,-5;-5,-4;-5,-3;-5,-2;-5,-1;-5,0;-5,1;-5,2;-5,3;-5,4;-5,5;-4,-5;-4,-4;-4,-3;-4,-2;-4,-1;-4,0;-4,1;-4,2;-4,3;-4,4;-4,5;-3,-5;-3,-4;-3,-3;-3,-2;-3,-1;-3,0;-3,1;-3,2;-3,3;-3,4;-3,5;-2,-5;-2,-4;-2,-3;-2,-2;-2,-1;-2,0;-2,1;-2,2;-2,3;-2,4;-2,5;-1,-5;-1,-4;-1,-3;-1,-2;-1,-1;-1,0;-1,1;-1,2;-1,3;-1,4;-1,5;0,-5;0,-4;0,-3;0,-2;0,-1;0,0;0,1;0,2;0,3;0,4;0,5;1,-5;1,-4;1,-3;1,-2;1,-1;1,0;1,1;1,2;1,3;1,4;1,5;2,-5;2,-4;2,-3;2,-2;2,-1;2,0;2,1;2,2;2,3;2,4;2,5;3,-5;3,-4;3,-3;3,-2;3,-1;3,0;3,1;3,2;3,3;3,4;3,5;4,-5;4,-4;4,-3;4,-2;4,-1;4,0;4,1;4,2;4,3;4,4;4,5;5,-5;5,-4;5,-3;5,-2;5,-1;5,0;5,1;5,2;5,3;5,4;5,5
NEW|74|GO9005_LC,TAD_NO_HALO,TAD_NO_UNDERSHOOT_COLUMN,NO_SOC_PHOTOMETRY|747|490|-2,-2;-2,-1;-2,0;-2,1;-2,2;-1,-2;-1,-1;-1,0;-1,1;-1,2;0,-2;0,-1;0,0;0,1;0,2;1,-2;1,-1;1,0;1,1;1,2;2,-2;2,-1;2,0;2,1;2,2
NEW|74|GO9005_LC,TAD_NO_HALO,TAD_NO_UNDERSHOOT_COLUMN,NO_SOC_PHOTOMETRY|797|500|-2,-2;-2,-1;-2,0;-2,1;-2,2;-1,-2;-1,-1;-1,0;-1,1;-1,2;0,-2;0,-1;0,0;0,1;0,2;1,-2;1,-1;1,0;1,1;1,2;2,-2;2,-1;2,0;2,1;2,2
NEW|74|GO9005_LC,TAD_NO_HALO,TAD_NO_UNDERSHOOT_COLUMN,NO_SOC_PHOTOMETRY|737|540|-2,-2;-2,-1;-2,0;-2,1;-2,2;-1,-2;-1,-1;-1,0;-1,1;-1,2;0,-2;0,-1;0,0;0,1;0,2;1,-2;1,-1;1,0;1,1;1,2;2,-2;2,-1;2,0;2,1;2,2
NEW|74|GO9005_LC,TAD_NO_HALO,TAD_NO_UNDERSHOOT_COLUMN,NO_SOC_PHOTOMETRY|787|550|-2,-2;-2,-1;-2,0;-2,1;-2,2;-1,-2;-1,-1;-1,0;-1,1;-1,2;0,-2;0,-1;0,0;0,1;0,2;1,-2;1,-1;1,0;1,1;1,2;2,-2;2,-1;2,0;2,1;2,2
NEW|18|GO9005_LC,TAD_NO_HALO,TAD_NO_UNDERSHOOT_COLUMN,NO_SOC_PHOTOMETRY|564|1058|-5,-5;-5,-4;-5,-3;-5,-2;-5,-1;-5,0;-5,1;-5,2;-5,3;-5,4;-5,5;-4,-5;-4,-4;-4,-3;-4,-2;-4,-1;-4,0;-4,1;-4,2;-4,3;-4,4;-4,5;-3,-5;-3,-4;-3,-3;-3,-2;-3,-1;-3,0;-3,1;-3,2;-3,3;-3,4;-3,5;-2,-5;-2,-4;-2,-3;-2,-2;-2,-1;-2,0;-2,1;-2,2;-2,3;-2,4;-2,5;-1,-5;-1,-4;-1,-3;-1,-2;-1,-1;-1,0;-1,1;-1,2;-1,3;-1,4;-1,5;0,-5;0,-4;0,-3;0,-2;0,-1;0,0;0,1;0,2;0,3;0,4;0,5;1,-5;1,-4;1,-3;1,-2;1,-1;1,0;1,1;1,2;1,3;1,4;1,5;2,-5;2,-4;2,-3;2,-2;2,-1;2,0;2,1;2,2;2,3;2,4;2,5;3,-5;3,-4;3,-3;3,-2;3,-1;3,0;3,1;3,2;3,3;3,4;3,5;4,-5;4,-4;4,-3;4,-2;4,-1;4,0;4,1;4,2;4,3;4,4;4,5;5,-5;5,-4;5,-3;5,-2;5,-1;5,0;5,1;5,2;5,3;5,4;5,5
NEW|18|GO9005_LC,TAD_NO_HALO,TAD_NO_UNDERSHOOT_COLUMN,NO_SOC_PHOTOMETRY|544|1028|-2,-2;-2,-1;-2,0;-2,1;-2,2;-1,-2;-1,-1;-1,0;-1,1;-1,2;0,-2;0,-1;0,0;0,1;0,2;1,-2;1,-1;1,0;1,1;1,2;2,-2;2,-1;2,0;2,1;2,2
NEW|18|GO9005_LC,TAD_NO_HALO,TAD_NO_UNDERSHOOT_COLUMN,NO_SOC_PHOTOMETRY|594|1038|-2,-2;-2,-1;-2,0;-2,1;-2,2;-1,-2;-1,-1;-1,0;-1,1;-1,2;0,-2;0,-1;0,0;0,1;0,2;1,-2;1,-1;1,0;1,1;1,2;2,-2;2,-1;2,0;2,1;2,2
NEW|18|GO9005_LC,TAD_NO_HALO,TAD_NO_UNDERSHOOT_COLUMN,NO_SOC_PHOTOMETRY|534|1078|-2,-2;-2,-1;-2,0;-2,1;-2,2;-1,-2;-1,-1;-1,0;-1,1;-1,2;0,-2;0,-1;0,0;0,1;0,2;1,-2;1,-1;1,0;1,1;1,2;2,-2;2,-1;2,0;2,1;2,2
NEW|18|GO9005_LC,TAD_NO_HALO,TAD_NO_UNDERSHOOT_COLUMN,NO_SOC_PHOTOMETRY|584|1088|-2,-2;-2,-1;-2,0;-2,1;-2,2;-1,-2;-1,-1;-1,0;-1,1;-1,2;0,-2;0,-1;0,0;0,1;0,2;1,-2;1,-1;1,0;1,1;1,2;2,-2;2,-1;2,0;2,1;2,2
NEW|18|GO9005_LC,TAD_NO_HALO,TAD_NO_UNDERSHOOT_COLUMN,NO_SOC_PHOTOMETRY|809|577|-5,-5;-5,-4;-5,-3;-5,-2;-5,-1;-5,0;-5,1;-5,2;-5,3;-5,4;-5,5;-4,-5;-4,-4;-4,-3;-4,-2;-4,-1;-4,0;-4,1;-4,2;-4,3;-4,4;-4,5;-3,-5;-3,-4;-3,-3;-3,-2;-3,-1;-3,0;-3,1;-3,2;-3,3;-3,4;-3,5;-2,-5;-2,-4;-2,-3;-2,-2;-2,-1;-2,0;-2,1;-2,2;-2,3;-2,4;-2,5;-1,-5;-1,-4;-1,-3;-1,-2;-1,-1;-1,0;-1,1;-1,2;-1,3;-1,4;-1,5;0,-5;0,-4;0,-3;0,-2;0,-1;0,0;0,1;0,2;0,3;0,4;0,5;1,-5;1,-4;1,-3;1,-2;1,-1;1,0;1,1;1,2;1,3;1,4;1,5;2,-5;2,-4;2,-3;2,-2;2,-1;2,0;2,1;2,2;2,3;2,4;2,5;3,-5;3,-4;3,-3;3,-2;3,-1;3,0;3,1;3,2;3,3;3,4;3,5;4,-5;4,-4;4,-3;4,-2;4,-1;4,0;4,1;4,2;4,3;4,4;4,5;5,-5;5,-4;5,-3;5,-2;5,-1;5,0;5,1;5,2;5,3;5,4;5,5
NEW|18|GO9005_LC,TAD_NO_HALO,TAD_NO_UNDERSHOOT_COLUMN,NO_SOC_PHOTOMETRY|789|547|-2,-2;-2,-1;-2,0;-2,1;-2,2;-1,-2;-1,-1;-1,0;-1,1;-1,2;0,-2;0,-1;0,0;0,1;0,2;1,-2;1,-1;1,0;1,1;1,2;2,-2;2,-1;2,0;2,1;2,2
NEW|18|GO9005_LC,TAD_NO_HALO,TAD_NO_UNDERSHOOT_COLUMN,NO_SOC_PHOTOMETRY|839|557|-2,-2;-2,-1;-2,0;-2,1;-2,2;-1,-2;-1,-1;-1,0;-1,1;-1,2;0,-2;0,-1;0,0;0,1;0,2;1,-2;1,-1;1,0;1,1;1,2;2,-2;2,-1;2,0;2,1;2,2
NEW|18|GO9005_LC,TAD_NO_HALO,TAD_NO_UNDERSHOOT_COLUMN,NO_SOC_PHOTOMETRY|779|597|-2,-2;-2,-1;-2,0;-2,1;-2,2;-1,-2;-1,-1;-1,0;-1,1;-1,2;0,-2;0,-1;0,0;0,1;0,2;1,-2;1,-1;1,0;1,1;1,2;2,-2;2,-1;2,0;2,1;2,2
NEW|18|GO9005_LC,TAD_NO_HALO,TAD_NO_UNDERSHOOT_COLUMN,NO_SOC_PHOTOMETRY|829|607|-2,-2;-2,-1;-2,0;-2,1;-2,2;-1,-2;-1,-1;-1,0;-1,1;-1,2;0,-2;0,-1;0,0;0,1;0,2;1,-2;1,-1;1,0;1,1;1,2;2,-2;2,-1;2,0;2,1;2,2
NEW|17|GO9005_LC,TAD_NO_HALO,TAD_NO_UNDERSHOOT_COLUMN,NO_SOC_PHOTOMETRY|59|828|-5,-5;-5,-4;-5,-3;-5,-2;-5,-1;-5,0;-5,1;-5,2;-5,3;-5,4;-5,5;-4,-5;-4,-4;-4,-3;-4,-2;-4,-1;-4,0;-4,1;-4,2;-4,3;-4,4;-4,5;-3,-5;-3,-4;-3,-3;-3,-2;-3,-1;-3,0;-3,1;-3,2;-3,3;-3,4;-3,5;-2,-5;-2,-4;-2,-3;-2,-2;-2,-1;-2,0;-2,1;-2,2;-2,3;-2,4;-2,5;-1,-5;-1,-4;-1,-3;-1,-2;-1,-1;-1,0;-1,1;-1,2;-1,3;-1,4;-1,5;0,-5;0,-4;0,-3;0,-2;0,-1;0,0;0,1;0,2;0,3;0,4;0,5;1,-5;1,-4;1,-3;1,-2;1,-1;1,0;1,1;1,2;1,3;1,4;1,5;2,-5;2,-4;2,-3;2,-2;2,-1;2,0;2,1;2,2;2,3;2,4;2,5;3,-5;3,-4;3,-3;3,-2;3,-1;3,0;3,1;3,2;3,3;3,4;3,5;4,-5;4,-4;4,-3;4,-2;4,-1;4,0;4,1;4,2;4,3;4,4;4,5;5,-5;5,-4;5,-3;5,-2;5,-1;5,0;5,1;5,2;5,3;5,4;5,5
NEW|17|GO9005_LC,TAD_NO_HALO,TAD_NO_UNDERSHOOT_COLUMN,NO_SOC_PHOTOMETRY|39|798|-2,-2;-2,-1;-2,0;-2,1;-2,2;-1,-2;-1,-1;-1,0;-1,1;-1,2;0,-2;0,-1;0,0;0,1;0,2;1,-2;1,-1;1,0;1,1;1,2;2,-2;2,-1;2,0;2,1;2,2
NEW|17|GO9005_LC,TAD_NO_HALO,TAD_NO_UNDERSHOOT_COLUMN,NO_SOC_PHOTOMETRY|89|808|-2,-2;-2,-1;-2,0;-2,1;-2,2;-1,-2;-1,-1;-1,0;-1,1;-1,2;0,-2;0,-1;0,0;0,1;0,2;1,-2;1,-1;1,0;1,1;1,2;2,-2;2,-1;2,0;2,1;2,2
NEW|17|GO9005_LC,TAD_NO_HALO,TAD_NO_UNDERSHOOT_COLUMN,NO_SOC_PHOTOMETRY|29|848|-2,-2;-2,-1;-2,0;-2,1;-2,2;-1,-2;-1,-1;-1,0;-1,1;-1,2;0,-2;0,-1;0,0;0,1;0,2;1,-2;1,-1;1,0;1,1;1,2;2,-2;2,-1;2,0;2,1;2,2
NEW|17|GO9005_LC,TAD_NO_HALO,TAD_NO_UNDERSHOOT_COLUMN,NO_SOC_PHOTOMETRY|79|858|-2,-2;-2,-1;-2,0;-2,1;-2,2;-1,-2;-1,-1;-1,0;-1,1;-1,2;0,-2;0,-1;0,0;0,1;0,2;1,-2;1,-1;1,0;1,1;1,2;2,-2;2,-1;2,0;2,1;2,2
NEW|74|GO9005_LC,TAD_NO_HALO,TAD_NO_UNDERSHOOT_COLUMN,NO_SOC_PHOTOMETRY|683|889|-5,-5;-5,-4;-5,-3;-5,-2;-5,-1;-5,0;-5,1;-5,2;-5,3;-5,4;-5,5;-4,-5;-4,-4;-4,-3;-4,-2;-4,-1;-4,0;-4,1;-4,2;-4,3;-4,4;-4,5;-3,-5;-3,-4;-3,-3;-3,-2;-3,-1;-3,0;-3,1;-3,2;-3,3;-3,4;-3,5;-2,-5;-2,-4;-2,-3;-2,-2;-2,-1;-2,0;-2,1;-2,2;-2,3;-2,4;-2,5;-1,-5;-1,-4;-1,-3;-1,-2;-1,-1;-1,0;-1,1;-1,2;-1,3;-1,4;-1,5;0,-5;0,-4;0,-3;0,-2;0,-1;0,0;0,1;0,2;0,3;0,4;0,5;1,-5;1,-4;1,-3;1,-2;1,-1;1,0;1,1;1,2;1,3;1,4;1,5;2,-5;2,-4;2,-3;2,-2;2,-1;2,0;2,1;2,2;2,3;2,4;2,5;3,-5;3,-4;3,-3;3,-2;3,-1;3,0;3,1;3,2;3,3;3,4;3,5;4,-5;4,-4;4,-3;4,-2;4,-1;4,0;4,1;4,2;4,3;4,4;4,5;5,-5;5,-4;5,-3;5,-2;5,-1;5,0;5,1;5,2;5,3;5,4;5,5
NEW|74|GO9005_LC,TAD_NO_HALO,TAD_NO_UNDERSHOOT_COLUMN,NO_SOC_PHOTOMETRY|663|859|-2,-2;-2,-1;-2,0;-2,1;-2,2;-1,-2;-1,-1;-1,0;-1,1;-1,2;0,-2;0,-1;0,0;0,1;0,2;1,-2;1,-1;1,0;1,1;1,2;2,-2;2,-1;2,0;2,1;2,2
NEW|74|GO9005_LC,TAD_NO_HALO,TAD_NO_UNDERSHOOT_COLUMN,NO_SOC_PHOTOMETRY|713|869|-2,-2;-2,-1;-2,0;-2,1;-2,2;-1,-2;-1,-1;-1,0;-1,1;-1,2;0,-2;0,-1;0,0;0,1;0,2;1,-2;1,-1;1,0;1,1;1,2;2,-2;2,-1;2,0;2,1;2,2
NEW|74|GO9005_LC,TAD_NO_HALO,TAD_NO_UNDERSHOOT_COLUMN,NO_SOC_PHOTOMETRY|653|909|-2,-2;-2,-1;-2,0;-2,1;-2,2;-1,-2;-1,-1;-1,0;-1,1;-1,2;0,-2;0,-1;0,0;0,1;0,2;1,-2;1,-1;1,0;1,1;1,2;2,-2;2,-1;2,0;2,1;2,2
NEW|74|GO9005_LC,TAD_NO_HALO,TAD_NO_UNDERSHOOT_COLUMN,NO_SOC_PHOTOMETRY|703|919|-2,-2;-2,-1;-2,0;-2,1;-2,2;-1,-2;-1,-1;-1,0;-1,1;-1,2;0,-2;0,-1;0,0;0,1;0,2;1,-2;1,-1;1,0;1,1;1,2;2,-2;2,-1;2,0;2,1;2,2
NEW|75|GO9005_LC,TAD_NO_HALO,TAD_NO_UNDERSHOOT_COLUMN,NO_SOC_PHOTOMETRY|268|274|-5,-5;-5,-4;-5,-3;-5,-2;-5,-1;-5,0;-5,1;-5,2;-5,3;-5,4;-5,5;-4,-5;-4,-4;-4,-3;-4,-2;-4,-1;-4,0;-4,1;-4,2;-4,3;-4,4;-4,5;-3,-5;-3,-4;-3,-3;-3,-2;-3,-1;-3,0;-3,1;-3,2;-3,3;-3,4;-3,5;-2,-5;-2,-4;-2,-3;-2,-2;-2,-1;-2,0;-2,1;-2,2;-2,3;-2,4;-2,5;-1,-5;-1,-4;-1,-3;-1,-2;-1,-1;-1,0;-1,1;-1,2;-1,3;-1,4;-1,5;0,-5;0,-4;0,-3;0,-2;0,-1;0,0;0,1;0,2;0,3;0,4;0,5;1,-5;1,-4;1,-3;1,-2;1,-1;1,0;1,1;1,2;1,3;1,4;1,5;2,-5;2,-4;2,-3;2,-2;2,-1;2,0;2,1;2,2;2,3;2,4;2,5;3,-5;3,-4;3,-3;3,-2;3,-1;3,0;3,1;3,2;3,3;3,4;3,5;4,-5;4,-4;4,-3;4,-2;4,-1;4,0;4,1;4,2;4,3;4,4;4,5;5,-5;5,-4;5,-3;5,-2;5,-1;5,0;5,1;5,2;5,3;5,4;5,5
NEW|75|GO9005_LC,TAD_NO_HALO,TAD_NO_UNDERSHOOT_COLUMN,NO_SOC_PHOTOMETRY|248|244|-2,-2;-2,-1;-2,0;-2,1;-2,2;-1,-2;-1,-1;-1,0;-1,1;-1,2;0,-2;0,-1;0,0;0,1;0,2;1,-2;1,-1;1,0;1,1;1,2;2,-2;2,-1;2,0;2,1;2,2
NEW|75|GO9005_LC,TAD_NO_HALO,TAD_NO_UNDERSHOOT_COLUMN,NO_SOC_PHOTOMETRY|298|254|-2,-2;-2,-1;-2,0;-2,1;-2,2;-1,-2;-1,-1;-1,0;-1,1;-1,2;0,-2;0,-1;0,0;0,1;0,2;1,-2;1,-1;1,0;1,1;1,2;2,-2;2,-1;2,0;2,1;2,2
NEW|75|GO9005_LC,TAD_NO_HALO,TAD_NO_UNDERSHOOT_COLUMN,NO_SOC_PHOTOMETRY|238|294|-2,-2;-2,-1;-2,0;-2,1;-2,2;-1,-2;-1,-1;-1,0;-1,1;-1,2;0,-2;0,-1;0,0;0,1;0,2;1,-2;1,-1;1,0;1,1;1,2;2,-2;2,-1;2,0;2,1;2,2
NEW|75|GO9005_LC,TAD_NO_HALO,TAD_NO_UNDERSHOOT_COLUMN,NO_SOC_PHOTOMETRY|288|304|-2,-2;-2,-1;-2,0;-2,1;-2,2;-1,-2;-1,-1;-1,0;-1,1;-1,2;0,-2;0,-1;0,0;0,1;0,2;1,-2;1,-1;1,0;1,1;1,2;2,-2;2,-1;2,0;2,1;2,2
NEW|74|GO9005_LC,TAD_NO_HALO,TAD_NO_UNDERSHOOT_COLUMN,NO_SOC_PHOTOMETRY|579|86|-5,-5;-5,-4;-5,-3;-5,-2;-5,-1;-5,0;-5,1;-5,2;-5,3;-5,4;-5,5;-4,-5;-4,-4;-4,-3;-4,-2;-4,-1;-4,0;-4,1;-4,2;-4,3;-4,4;-4,5;-3,-5;-3,-4;-3,-3;-3,-2;-3,-1;-3,0;-3,1;-3,2;-3,3;-3,4;-3,5;-2,-5;-2,-4;-2,-3;-2,-2;-2,-1;-2,0;-2,1;-2,2;-2,3;-2,4;-2,5;-1,-5;-1,-4;-1,-3;-1,-2;-1,-1;-1,0;-1,1;-1,2;-1,3;-1,4;-1,5;0,-5;0,-4;0,-3;0,-2;0,-1;0,0;0,1;0,2;0,3;0,4;0,5;1,-5;1,-4;1,-3;1,-2;1,-1;1,0;1,1;1,2;1,3;1,4;1,5;2,-5;2,-4;2,-3;2,-2;2,-1;2,0;2,1;2,2;2,3;2,4;2,5;3,-5;3,-4;3,-3;3,-2;3,-1;3,0;3,1;3,2;3,3;3,4;3,5;4,-5;4,-4;4,-3;4,-2;4,-1;4,0;4,1;4,2;4,3;4,4;4,5;5,-5;5,-4;5,-3;5,-2;5,-1;5,0;5,1;5,2;5,3;5,4;5,5
NEW|74|GO9005_LC,TAD_NO_HALO,TAD_NO_UNDERSHOOT_COLUMN,NO_SOC_PHOTOMETRY|559|56|-2,-2;-2,-1;-2,0;-2,1;-2,2;-1,-2;-1,-1;-1,0;-1,1;-1,2;0,-2;0,-1;0,0;0,1;0,2;1,-2;1,-1;1,0;1,1;1,2;2,-2;2,-1;2,0;2,1;2,2
NEW|74|GO9005_LC,TAD_NO_HALO,TAD_NO_UNDERSHOOT_COLUMN,NO_SOC_PHOTOMETRY|609|66|-2,-2;-2,-1;-2,0;-2,1;-2,2;-1,-2;-1,-1;-1,0;-1,1;-1,2;0,-2;0,-1;0,0;0,1;0,2;1,-2;1,-1;1,0;1,1;1,2;2,-2;2,-1;2,0;2,1;2,2
NEW|74|GO9005_LC,TAD_NO_HALO,TAD_NO_UNDERSHOOT_COLUMN,NO_SOC_PHOTOMETRY|549|106|-2,-2;-2,-1;-2,0;-2,1;-2,2;-1,-2;-1,-1;-1,0;-1,1;-1,2;0,-2;0,-1;0,0;0,1;0,2;1,-2;1,-1;1,0;1,1;1,2;2,-2;2,-1;2,0;2,1;2,2
NEW|74|GO9005_LC,TAD_NO_HALO,TAD_NO_UNDERSHOOT_COLUMN,NO_SOC_PHOTOMETRY|599|116|-2,-2;-2,-1;-2,0;-2,1;-2,2;-1,-2;-1,-1;-1,0;-1,1;-1,2;0,-2;0,-1;0,0;0,1;0,2;1,-2;1,-1;1,0;1,1;1,2;2,-2;2,-1;2,0;2,1;2,2
NEW|34|GO9005_LC,TAD_NO_HALO,TAD_NO_UNDERSHOOT_COLUMN,NO_SOC_PHOTOMETRY|1031|886|-5,-5;-5,-4;-5,-3;-5,-2;-5,-1;-5,0;-5,1;-5,2;-5,3;-5,4;-5,5;-4,-5;-4,-4;-4,-3;-4,-2;-4,-1;-4,0;-4,1;-4,2;-4,3;-4,4;-4,5;-3,-5;-3,-4;-3,-3;-3,-2;-3,-1;-3,0;-3,1;-3,2;-3,3;-3,4;-3,5;-2,-5;-2,-4;-2,-3;-2,-2;-2,-1;-2,0;-2,1;-2,2;-2,3;-2,4;-2,5;-1,-5;-1,-4;-1,-3;-1,-2;-1,-1;-1,0;-1,1;-1,2;-1,3;-1,4;-1,5;0,-5;0,-4;0,-3;0,-2;0,-1;0,0;0,1;0,2;0,3;0,4;0,5;1,-5;1,-4;1,-3;1,-2;1,-1;1,0;1,1;1,2;1,3;1,4;1,5;2,-5;2,-4;2,-3;2,-2;2,-1;2,0;2,1;2,2;2,3;2,4;2,5;3,-5;3,-4;3,-3;3,-2;3,-1;3,0;3,1;3,2;3,3;3,4;3,5;4,-5;4,-4;4,-3;4,-2;4,-1;4,0;4,1;4,2;4,3;4,4;4,5;5,-5;5,-4;5,-3;5,-2;5,-1;5,0;5,1;5,2;5,3;5,4;5,5
NEW|34|GO9005_LC,TAD_NO_HALO,TAD_NO_UNDERSHOOT_COLUMN,NO_SOC_PHOTOMETRY|1011|856|-2,-2;-2,-1;-2,0;-2,1;-2,2;-1,-2;-1,-1;-1,0;-1,1;-1,2;0,-2;0,-1;0,0;0,1;0,2;1,-2;1,-1;1,0;1,1;1,2;2,-2;2,-1;2,0;2,1;2,2
NEW|34|GO9005_LC,TAD_NO_HALO,TAD_NO_UNDERSHOOT_COLUMN,NO_SOC_PHOTOMETRY|1001|906|-2,-2;-2,-1;-2,0;-2,1;-2,2;-1,-2;-1,-1;-1,0;-1,1;-1,2;0,-2;0,-1;0,0;0,1;0,2;1,-2;1,-1;1,0;1,1;1,2;2,-2;2,-1;2,0;2,1;2,2
NEW|17|GO9005_LC,TAD_NO_HALO,TAD_NO_UNDERSHOOT_COLUMN,NO_SOC_PHOTOMETRY|412|253|-5,-5;-5,-4;-5,-3;-5,-2;-5,-1;-5,0;-5,1;-5,2;-5,3;-5,4;-5,5;-4,-5;-4,-4;-4,-3;-4,-2;-4,-1;-4,0;-4,1;-4,2;-4,3;-4,4;-4,5;-3,-5;-3,-4;-3,-3;-3,-2;-3,-1;-3,0;-3,1;-3,2;-3,3;-3,4;-3,5;-2,-5;-2,-4;-2,-3;-2,-2;-2,-1;-2,0;-2,1;-2,2;-2,3;-2,4;-2,5;-1,-5;-1,-4;-1,-3;-1,-2;-1,-1;-1,0;-1,1;-1,2;-1,3;-1,4;-1,5;0,-5;0,-4;0,-3;0,-2;0,-1;0,0;0,1;0,2;0,3;0,4;0,5;1,-5;1,-4;1,-3;1,-2;1,-1;1,0;1,1;1,2;1,3;1,4;1,5;2,-5;2,-4;2,-3;2,-2;2,-1;2,0;2,1;2,2;2,3;2,4;2,5;3,-5;3,-4;3,-3;3,-2;3,-1;3,0;3,1;3,2;3,3;3,4;3,5;4,-5;4,-4;4,-3;4,-2;4,-1;4,0;4,1;4,2;4,3;4,4;4,5;5,-5;5,-4;5,-3;5,-2;5,-1;5,0;5,1;5,2;5,3;5,4;5,5
NEW|17|GO9005_LC,TAD_NO_HALO,TAD_NO_UNDERSHOOT_COLUMN,NO_SOC_PHOTOMETRY|392|223|-2,-2;-2,-1;-2,0;-2,1;-2,2;-1,-2;-1,-1;-1,0;-1,1;-1,2;0,-2;0,-1;0,0;0,1;0,2;1,-2;1,-1;1,0;1,1;1,2;2,-2;2,-1;2,0;2,1;2,2
NEW|17|GO9005_LC,TAD_NO_HALO,TAD_NO_UNDERSHOOT_COLUMN,NO_SOC_PHOTOMETRY|442|233|-2,-2;-2,-1;-2,0;-2,1;-2,2;-1,-2;-1,-1;-1,0;-1,1;-1,2;0,-2;0,-1;0,0;0,1;0,2;1,-2;1,-1;1,0;1,1;1,2;2,-2;2,-1;2,0;2,1;2,2
NEW|17|GO9005_LC,TAD_NO_HALO,TAD_NO_UNDERSHOOT_COLUMN,NO_SOC_PHOTOMETRY|382|273|-2,-2;-2,-1;-2,0;-2,1;-2,2;-1,-2;-1,-1;-1,0;-1,1;-1,2;0,-2;0,-1;0,0;0,1;0,2;1,-2;1,-1;1,0;1,1;1,2;2,-2;2,-1;2,0;2,1;2,2
NEW|17|GO9005_LC,TAD_NO_HALO,TAD_NO_UNDERSHOOT_COLUMN,NO_SOC_PHOTOMETRY|432|283|-2,-2;-2,-1;-2,0;-2,1;-2,2;-1,-2;-1,-1;-1,0;-1,1;-1,2;0,-2;0,-1;0,0;0,1;0,2;1,-2;1,-1;1,0;1,1;1,2;2,-2;2,-1;2,0;2,1;2,2
NEW|18|GO9005_LC,TAD_NO_HALO,TAD_NO_UNDERSHOOT_COLUMN,NO_SOC_PHOTOMETRY|895|347|-5,-5;-5,-4;-5,-3;-5,-2;-5,-1;-5,0;-5,1;-5,2;-5,3;-5,4;-5,5;-4,-5;-4,-4;-4,-3;-4,-2;-4,-1;-4,0;-4,1;-4,2;-4,3;-4,4;-4,5;-3,-5;-3,-4;-3,-3;-3,-2;-3,-1;-3,0;-3,1;-3,2;-3,3;-3,4;-3,5;-2,-5;-2,-4;-2,-3;-2,-2;-2,-1;-2,0;-2,1;-2,2;-2,3;-2,4;-2,5;-1,-5;-1,-4;-1,-3;-1,-2;-1,-1;-1,0;-1,1;-1,2;-1,3;-1,4;-1,5;0,-5;0,-4;0,-3;0,-2;0,-1;0,0;0,1;0,2;0,3;0,4;0,5;1,-5;1,-4;1,-3;1,-2;1,-1;1,0;1,1;1,2;1,3;1,4;1,5;2,-5;2,-4;2,-3;2,-2;2,-1;2,0;2,1;2,2;2,3;2,4;2,5;3,-5;3,-4;3,-3;3,-2;3,-1;3,0;3,1;3,2;3,3;3,4;3,5;4,-5;4,-4;4,-3;4,-2;4,-1;4,0;4,1;4,2;4,3;4,4;4,5;5,-5;5,-4;5,-3;5,-2;5,-1;5,0;5,1;5,2;5,3;5,4;5,5
NEW|18|GO9005_LC,TAD_NO_HALO,TAD_NO_UNDERSHOOT_COLUMN,NO_SOC_PHOTOMETRY|875|317|-2,-2;-2,-1;-2,0;-2,1;-2,2;-1,-2;-1,-1;-1,0;-1,1;-1,2;0,-2;0,-1;0,0;0,1;0,2;1,-2;1,-1;1,0;1,1;1,2;2,-2;2,-1;2,0;2,1;2,2
NEW|18|GO9005_LC,TAD_NO_HALO,TAD_NO_UNDERSHOOT_COLUMN,NO_SOC_PHOTOMETRY|925|327|-2,-2;-2,-1;-2,0;-2,1;-2,2;-1,-2;-1,-1;-1,0;-1,1;-1,2;0,-2;0,-1;0,0;0,1;0,2;1,-2;1,-1;1,0;1,1;1,2;2,-2;2,-1;2,0;2,1;2,2
NEW|18|GO9005_LC,TAD_NO_HALO,TAD_NO_UNDERSHOOT_COLUMN,NO_SOC_PHOTOMETRY|865|367|-2,-2;-2,-1;-2,0;-2,1;-2,2;-1,-2;-1,-1;-1,0;-1,1;-1,2;0,-2;0,-1;0,0;0,1;0,2;1,-2;1,-1;1,0;1,1;1,2;2,-2;2,-1;2,0;2,1;2,2
NEW|18|GO9005_LC,TAD_NO_HALO,TAD_NO_UNDERSHOOT_COLUMN,NO_SOC_PHOTOMETRY|915|377|-2,-2;-2,-1;-2,0;-2,1;-2,2;-1,-2;-1,-1;-1,0;-1,1;-1,2;0,-2;0,-1;0,0;0,1;0,2;1,-2;1,-1;1,0;1,1;1,2;2,-2;2,-1;2,0;2,1;2,2
NEW|13|GO9005_LC,TAD_NO_HALO,TAD_NO_UNDERSHOOT_COLUMN,NO_SOC_PHOTOMETRY|208|147|-5,-5;-5,-4;-5,-3;-5,-2;-5,-1;-5,0;-5,1;-5,2;-5,3;-5,4;-5,5;-4,-5;-4,-4;-4,-3;-4,-2;-4,-1;-4,0;-4,1;-4,2;-4,3;-4,4;-4,5;-3,-5;-3,-4;-3,-3;-3,-2;-3,-1;-3,0;-3,1;-3,2;-3,3;-3,4;-3,5;-2,-5;-2,-4;-2,-3;-2,-2;-2,-1;-2,0;-2,1;-2,2;-2,3;-2,4;-2,5;-1,-5;-1,-4;-1,-3;-1,-2;-1,-1;-1,0;-1,1;-1,2;-1,3;-1,4;-1,5;0,-5;0,-4;0,-3;0,-2;0,-1;0,0;0,1;0,2;0,3;0,4;0,5;1,-5;1,-4;1,-3;1,-2;1,-1;1,0;1,1;1,2;1,3;1,4;1,5;2,-5;2,-4;2,-3;2,-2;2,-1;2,0;2,1;2,2;2,3;2,4;2,5;3,-5;3,-4;3,-3;3,-2;3,-1;3,0;3,1;3,2;3,3;3,4;3,5;4,-5;4,-4;4,-3;4,-2;4,-1;4,0;4,1;4,2;4,3;4,4;4,5;5,-5;5,-4;5,-3;5,-2;5,-1;5,0;5,1;5,2;5,3;5,4;5,5
NEW|13|GO9005_LC,TAD_NO_HALO,TAD_NO_UNDERSHOOT_COLUMN,NO_SOC_PHOTOMETRY|188|117|-2,-2;-2,-1;-2,0;-2,1;-2,2;-1,-2;-1,-1;-1,0;-1,1;-1,2;0,-2;0,-1;0,0;0,1;0,2;1,-2;1,-1;1,0;1,1;1,2;2,-2;2,-1;2,0;2,1;2,2
NEW|13|GO9005_LC,TAD_NO_HALO,TAD_NO_UNDERSHOOT_COLUMN,NO_SOC_PHOTOMETRY|238|127|-2,-2;-2,-1;-2,0;-2,1;-2,2;-1,-2;-1,-1;-1,0;-1,1;-1,2;0,-2;0,-1;0,0;0,1;0,2;1,-2;1,-1;1,0;1,1;1,2;2,-2;2,-1;2,0;2,1;2,2
NEW|13|GO9005_LC,TAD_NO_HALO,TAD_NO_UNDERSHOOT_COLUMN,NO_SOC_PHOTOMETRY|178|167|-2,-2;-2,-1;-2,0;-2,1;-2,2;-1,-2;-1,-1;-1,0;-1,1;-1,2;0,-2;0,-1;0,0;0,1;0,2;1,-2;1,-1;1,0;1,1;1,2;2,-2;2,-1;2,0;2,1;2,2
NEW|13|GO9005_LC,TAD_NO_HALO,TAD_NO_UNDERSHOOT_COLUMN,NO_SOC_PHOTOMETRY|228|177|-2,-2;-2,-1;-2,0;-2,1;-2,2;-1,-2;-1,-1;-1,0;-1,1;-1,2;0,-2;0,-1;0,0;0,1;0,2;1,-2;1,-1;1,0;1,1;1,2;2,-2;2,-1;2,0;2,1;2,2
