NEW|64|GO9004_LC,TAD_NO_HALO,TAD_NO_UNDERSHOOT_COLUMN,NO_SOC_PHOTOMETRY|694|936|-5,-5;-5,-4;-5,-3;-5,-2;-5,-1;-5,0;-5,1;-5,2;-5,3;-5,4;-5,5;-4,-5;-4,-4;-4,-3;-4,-2;-4,-1;-4,0;-4,1;-4,2;-4,3;-4,4;-4,5;-3,-5;-3,-4;-3,-3;-3,-2;-3,-1;-3,0;-3,1;-3,2;-3,3;-3,4;-3,5;-2,-5;-2,-4;-2,-3;-2,-2;-2,-1;-2,0;-2,1;-2,2;-2,3;-2,4;-2,5;-1,-5;-1,-4;-1,-3;-1,-2;-1,-1;-1,0;-1,1;-1,2;-1,3;-1,4;-1,5;0,-5;0,-4;0,-3;0,-2;0,-1;0,0;0,1;0,2;0,3;0,4;0,5;1,-5;1,-4;1,-3;1,-2;1,-1;1,0;1,1;1,2;1,3;1,4;1,5;2,-5;2,-4;2,-3;2,-2;2,-1;2,0;2,1;2,2;2,3;2,4;2,5;3,-5;3,-4;3,-3;3,-2;3,-1;3,0;3,1;3,2;3,3;3,4;3,5;4,-5;4,-4;4,-3;4,-2;4,-1;4,0;4,1;4,2;4,3;4,4;4,5;5,-5;5,-4;5,-3;5,-2;5,-1;5,0;5,1;5,2;5,3;5,4;5,5
NEW|64|GO9004_LC,TAD_NO_HALO,TAD_NO_UNDERSHOOT_COLUMN,NO_SOC_PHOTOMETRY|674|906|-2,-2;-2,-1;-2,0;-2,1;-2,2;-1,-2;-1,-1;-1,0;-1,1;-1,2;0,-2;0,-1;0,0;0,1;0,2;1,-2;1,-1;1,0;1,1;1,2;2,-2;2,-1;2,0;2,1;2,2
NEW|64|GO9004_LC,TAD_NO_HALO,TAD_NO_UNDERSHOOT_COLUMN,NO_SOC_PHOTOMETRY|724|916|-2,-2;-2,-1;-2,0;-2,1;-2,2;-1,-2;-1,-1;-1,0;-1,1;-1,2;0,-2;0,-1;0,0;0,1;0,2;1,-2;1,-1;1,0;1,1;1,2;2,-2;2,-1;2,0;2,1;2,2
NEW|64|GO9004_LC,TAD_NO_HALO,TAD_NO_UNDERSHOOT_COLUMN,NO_SOC_PHOTOMETRY|664|956|-2,-2;-2,-1;-2,0;-2,1;-2,2;-1,-2;-1,-1;-1,0;-1,1;-1,2;0,-2;0,-1;0,0;0,1;0,2;1,-2;1,-1;1,0;1,1;1,2;2,-2;2,-1;2,0;2,1;2,2
NEW|64|GO9004_LC,TAD_NO_HALO,TAD_NO_UNDERSHOOT_COLUMN,NO_SOC_PHOTOMETRY|714|966|-2,-2;-2,-1;-2,0;-2,1;-2,2;-1,-2;-1,-1;-1,0;-1,1;-1,2;0,-2;0,-1;0,0;0,1;0,2;1,-2;1,-1;1,0;1,1;1,2;2,-2;2,-1;2,0;2,1;2,2
NEW|64|GO9004_LC,TAD_NO_HALO,TAD_NO_UNDERSHOOT_COLUMN,NO_SOC_PHOTOMETRY|218|785|-5,-5;-5,-4;-5,-3;-5,-2;-5,-1;-5,0;-5,1;-5,2;-5,3;-5,4;-5,5;-4,-5;-4,-4;-4,-3;-4,-2;-4,-1;-4,0;-4,1;-4,2;-4,3;-4,4;-4,5;-3,-5;-3,-4;-3,-3;-3,-2;-3,-1;-3,0;-3,1;-3,2;-3,3;-3,4;-3,5;-2,-5;-2,-4;-2,-3;-2,-2;-2,-1;-2,0;-2,1;-2,2;-2,3;-2,4;-2,5;-1,-5;-1,-4;-1,-3;-1,-2;-1,-1;-1,0;-1,1;-1,2;-1,3;-1,4;-1,5;0,-5;0,-4;0,-3;0,-2;0,-1;0,0;0,1;0,2;0,3;0,4;0,5;1,-5;1,-4;1,-3;1,-2;1,-1;1,0;1,1;1,2;1,3;1,4;1,5;2,-5;2,-4;2,-3;2,-2;2,-1;2,0;2,1;2,2;2,3;2,4;2,5;3,-5;3,-4;3,-3;3,-2;3,-1;3,0;3,1;3,2;3,3;3,4;3,5;4,-5;4,-4;4,-3;4,-2;4,-1;4,0;4,1;4,2;4,3;4,4;4,5;5,-5;5,-4;5,-3;5,-2;5,-1;5,0;5,1;5,2;5,3;5,4;5,5
NEW|64|GO9004_LC,TAD_NO_HALO,TAD_NO_UNDERSHOOT_COLUMN,NO_SOC_PHOTOMETRY|198|755|-2,-2;-2,-1;-2,0;-2,1;-2,2;-1,-2;-1,-1;-1,0;-1,1;-1,2;0,-2;0,-1;0,0;0,1;0,2;1,-2;1,-1;1,0;1,1;1,2;2,-2;2,-1;2,0;2,1;2,2
NEW|64|GO9004_LC,TAD_NO_HALO,TAD_NO_UNDERSHOOT_COLUMN,NO_SOC_PHOTOMETRY|248|765|-2,-2;-2,-1;-2,0;-2,1;-2,2;-1,-2;-1,-1;-1,0;-1,1;-1,2;0,-2;0,-1;0,0;0,1;0,2;1,-2;1,-1;1,0;1,1;1,2;2,-2;2,-1;2,0;2,1;2,2
NEW|64|GO9004_LC,TAD_NO_HALO,TAD_NO_UNDERSHOOT_COLUMN,NO_SOC_PHOTOMETRY|188|805|-2,-2;-2,-1;-2,0;-2,1;-2,2;-1,-2;-1,-1;-1,0;-1,1;-1,2;0,-2;0,-1;0,0;0,1;0,2;1,-2;1,-1;1,0;1,1;1,2;2,-2;2,-1;2,0;2,1;2,2
NEW|64|GO9004_LC,TAD_NO_HALO,TAD_NO_UNDERSHOOT_COLUMN,NO_SOC_PHOTOMETRY|238|815|-2,-2;-2,-1;-2,0;-2,1;-2,2;-1,-2;-1,-1;-1,0;-1,1;-1,2;0,-2;0,-1;0,0;0,1;0,2;1,-2;1,-1;1,0;1,1;1,2;2,-2;2,-1;2,0;2,1;2,2
NEW|33|GO9004_LC,TAD_NO_HALO,TAD_NO_UNDERSHOOT_COLUMN,NO_SOC_PHOTOMETRY|264|563|-5,-5;-5,-4;-5,-3;-5,-2;-5,-1;-5,0;-5,1;-5,2;-5,3;-5,4;-5,5;-4,-5;-4,-4;-4,-3;-4,-2;-4,-1;-4,0;-4,1;-4,2;-4,3;-4,4;-4,5;-3,-5;-3,-4;-3,-3;-3,-2;-3,-1;-3,0;-3,1;-3,2;-3,3;-3,4;-3,5;-2,-5;-2,-4;-2,-3;-2,-2;-2,-1;-2,0;-2,1;-2,2;-2,3;-2,4;-2,5;-1,-5;-1,-4;-1,-3;-1,-2;-1,-1;-1,0;-1,1;-1,2;-1,3;-1,4;-1,5;0,-5;0,-4;0,-3;0,-2;0,-1;0,0;0,1;0,2;0,3;0,4;0,5;1,-5;1,-4;1,-3;1,-2;1,-1;1,0;1,1;1,2;1,3;1,4;1,5;2,-5;2,-4;2,-3;2,-2;2,-1;2,0;2,1;2,2;2,3;2,4;2,5;3,-5;3,-4;3,-3;3,-2;3,-1;3,0;3,1;3,2;3,3;3,4;3,5;4,-5;4,-4;4,-3;4,-2;4,-1;4,0;4,1;4,2;4,3;4,4;4,5;5,-5;5,-4;5,-3;5,-2;5,-1;5,0;5,1;5,2;5,3;5,4;5,5
NEW|33|GO9004_LC,TAD_NO_HALO,TAD_NO_UNDERSHOOT_COLUMN,NO_SOC_PHOTOMETRY|244|533|-2,-2;-2,-1;-2,0;-2,1;-2,2;-1,-2;-1,-1;-1,0;-1,1;-1,2;0,-2;0,-1;0,0;0,1;0,2;1,-2;1,-1;1,0;1,1;1,2;2,-2;2,-1;2,0;2,1;2,2
NEW|33|GO9004_LC,TAD_NO_HALO,TAD_NO_UNDERSHOOT_COLUMN,NO_SOC_PHOTOMETRY|294|543|-2,-2;-2,-1;-2,0;-2,1;-2,2;-1,-2;-1,-1;-1,0;-1,1;-1,2;0,-2;0,-1;0,0;0,1;0,2;1,-2;1,-1;1,0;1,1;1,2;2,-2;2,-1;2,0;2,1;2,2
NEW|33|GO9004_LC,TAD_NO_HALO,TAD_NO_UNDERSHOOT_COLUMN,NO_SOC_PHOTOMETRY|234|583|-2,-2;-2,-1;-2,0;-2,1;-2,2;-1,-2;-1,-1;-1,0;-1,1;-1,2;0,-2;0,-1;0,0;0,1;0,2;1,-2;1,-1;1,0;1,1;1,2;2,-2;2,-1;2,0;2,1;2,2
NEW|33|GO9004_LC,TAD_NO_HALO,TAD_NO_UNDERSHOOT_COLUMN,NO_SOC_PHOTOMETRY|284|593|-2,-2;-2,-1;-2,0;-2,1;-2,2;-1,-2;-1,-1;-1,0;-1,1;-1,2;0,-2;0,-1;0,0;0,1;0,2;1,-2;1,-1;1,0;1,1;1,2;2,-2;2,-1;2,0;2,1;2,2
NEW|74|GO9004_LC,TAD_NO_HALO,TAD_NO_UNDERSHOOT_COLUMN,NO_SOC_PHOTOMETRY|662|923|-5,-5;-5,-4;-5,-3;-5,-2;-5,-1;-5,0;-5,1;-5,2;-5,3;-5,4;-5,5;-4,-5;-4,-4;-4,-3;-4,-2;-4,-1;-4,0;-4,1;-4,2;-4,3;-4,4;-4,5;-3,-5;-3,-4;-3,-3;-3,-2;-3,-1;-3,0;-3,1;-3,2;-3,3;-3,4;-3,5;-2,-5;-2,-4;-2,-3;-2,-2;-2,-1;-2,0;-2,1;-2,2;-2,3;-2,4;-2,5;-1,-5;-1,-4;-1,-3;-1,-2;-1,-1;-1,0;-1,1;-1,2;-1,3;-1,4;-1,5;0,-5;0,-4;0,-3;0,-2;0,-1;0,0;0,1;0,2;0,3;0,4;0,5;1,-5;1,-4;1,-3;1,-2;1,-1;1,0;1,1;1,2;1,3;1,4;1,5;2,-5;2,-4;2,-3;2,-2;2,-1;2,0;2,1;2,2;2,3;2,4;2,5;3,-5;3,-4;3,-3;3,-2;3,-1;3,0;3,1;3,2;3,3;3,4;3,5;4,-5;4,-4;4,-3;4,-2;4,-1;4,0;4,1;4,2;4,3;4,4;4,5;5,-5;5,-4;5,-3;5,-2;5,-1;5,0;5,1;5,2;5,3;5,4;5,5
NEW|74|GO9004_LC,TAD_NO_HALO,TAD_NO_UNDERSHOOT_COLUMN,NO_SOC_PHOTOMETRY|642|893|-2,-2;-2,-1;-2,0;-2,1;-2,2;-1,-2;-1,-1;-1,0;-1,1;-1,2;0,-2;0,-1;0,0;0,1;0,2;1,-2;1,-1;1,0;1,1;1,2;2,-2;2,-1;2,0;2,1;2,2
NEW|74|GO9004_LC,TAD_NO_HALO,TAD_NO_UNDERSHOOT_COLUMN,NO_SOC_PHOTOMETRY|692|903|-2,-2;-2,-1;-2,0;-2,1;-2,2;-1,-2;-1,-1;-1,0;-1,1;-1,2;0,-2;0,-1;0,0;0,1;0,2;1,-2;1,-1;1,0;1,1;1,2;2,-2;2,-1;2,0;2,1;2,2
NEW|74|GO9004_LC,TAD_NO_HALO,TAD_NO_UNDERSHOOT_COLUMN,NO_SOC_PHOTOMETRY|632|943|-2,-2;-2,-1;-2,0;-2,1;-2,2;-1,-2;-1,-1;-1,0;-1,1;-1,2;0,-2;0,-1;0,0;0,1;0,2;1,-2;1,-1;1,0;1,1;1,2;2,-2;2,-1;2,0;2,1;2,2
NEW|74|GO9004_LC,TAD_NO_HALO,TAD_NO_UNDERSHOOT_COLUMN,NO_SOC_PHOTOMETRY|682|953|-2,-2;-2,-1;-2,0;-2,1;-2,2;-1,-2;-1,-1;-1,0;-1,1;-1,2;0,-2;0,-1;0,0;0,1;0,2;1,-2;1,-1;1,0;1,1;1,2;2,-2;2,-1;2,0;2,1;2,2
NEW|74|GO9004_LC,TAD_NO_HALO,TAD_NO_UNDERSHOOT_COLUMN,NO_SOC_PHOTOMETRY|579|83|-5,-5;-5,-4;-5,-3;-5,-2;-5,-1;-5,0;-5,1;-5,2;-5,3;-5,4;-5,5;-4,-5;-4,-4;-4,-3;-4,-2;-4,-1;-4,0;-4,1;-4,2;-4,3;-4,4;-4,5;-3,-5;-3,-4;-3,-3;-3,-2;-3,-1;-3,0;-3,1;-3,2;-3,3;-3,4;-3,5;-2,-5;-2,-4;-2,-3;-2,-2;-2,-1;-2,0;-2,1;-2,2;-2,3;-2,4;-2,5;-1,-5;-1,-4;-1,-3;-1,-2;-1,-1;-1,0;-1,1;-1,2;-1,3;-1,4;-1,5;0,-5;0,-4;0,-3;0,-2;0,-1;0,0;0,1;0,2;0,3;0,4;0,5;1,-5;1,-4;1,-3;1,-2;1,-1;1,0;1,1;1,2;1,3;1,4;1,5;2,-5;2,-4;2,-3;2,-2;2,-1;2,0;2,1;2,2;2,3;2,4;2,5;3,-5;3,-4;3,-3;3,-2;3,-1;3,0;3,1;3,2;3,3;3,4;3,5;4,-5;4,-4;4,-3;4,-2;4,-1;4,0;4,1;4,2;4,3;4,4;4,5;5,-5;5,-4;5,-3;5,-2;5,-1;5,0;5,1;5,2;5,3;5,4;5,5
NEW|74|GO9004_LC,TAD_NO_HALO,TAD_NO_UNDERSHOOT_COLUMN,NO_SOC_PHOTOMETRY|559|53|-2,-2;-2,-1;-2,0;-2,1;-2,2;-1,-2;-1,-1;-1,0;-1,1;-1,2;0,-2;0,-1;0,0;0,1;0,2;1,-2;1,-1;1,0;1,1;1,2;2,-2;2,-1;2,0;2,1;2,2
NEW|74|GO9004_LC,TAD_NO_HALO,TAD_NO_UNDERSHOOT_COLUMN,NO_SOC_PHOTOMETRY|609|63|-2,-2;-2,-1;-2,0;-2,1;-2,2;-1,-2;-1,-1;-1,0;-1,1;-1,2;0,-2;0,-1;0,0;0,1;0,2;1,-2;1,-1;1,0;1,1;1,2;2,-2;2,-1;2,0;2,1;2,2
NEW|74|GO9004_LC,TAD_NO_HALO,TAD_NO_UNDERSHOOT_COLUMN,NO_SOC_PHOTOMETRY|549|103|-2,-2;-2,-1;-2,0;-2,1;-2,2;-1,-2;-1,-1;-1,0;-1,1;-1,2;0,-2;0,-1;0,0;0,1;0,2;1,-2;1,-1;1,0;1,1;1,2;2,-2;2,-1;2,0;2,1;2,2
NEW|74|GO9004_LC,TAD_NO_HALO,TAD_NO_UNDERSHOOT_COLUMN,NO_SOC_PHOTOMETRY|599|113|-2,-2;-2,-1;-2,0;-2,1;-2,2;-1,-2;-1,-1;-1,0;-1,1;-1,2;0,-2;0,-1;0,0;0,1;0,2;1,-2;1,-1;1,0;1,1;1,2;2,-2;2,-1;2,0;2,1;2,2
NEW|62|GO9004_LC,TAD_NO_HALO,TAD_NO_UNDERSHOOT_COLUMN,NO_SOC_PHOTOMETRY|856|231|-5,-5;-5,-4;-5,-3;-5,-2;-5,-1;-5,0;-5,1;-5,2;-5,3;-5,4;-5,5;-4,-5;-4,-4;-4,-3;-4,-2;-4,-1;-4,0;-4,1;-4,2;-4,3;-4,4;-4,5;-3,-5;-3,-4;-3,-3;-3,-2;-3,-1;-3,0;-3,1;-3,2;-3,3;-3,4;-3,5;-2,-5;-2,-4;-2,-3;-2,-2;-2,-1;-2,0;-2,1;-2,2;-2,3;-2,4;-2,5;-1,-5;-1,-4;-1,-3;-1,-2;-1,-1;-1,0;-1,1;-1,2;-1,3;-1,4;-1,5;0,-5;0,-4;0,-3;0,-2;0,-1;0,0;0,1;0,2;0,3;0,4;0,5;1,-5;1,-4;1,-3;1,-2;1,-1;1,0;1,1;1,2;1,3;1,4;1,5;2,-5;2,-4;2,-3;2,-2;2,-1;2,0;2,1;2,2;2,3;2,4;2,5;3,-5;3,-4;3,-3;3,-2;3,-1;3,0;3,1;3,2;3,3;3,4;3,5;4,-5;4,-4;4,-3;4,-2;4,-1;4,0;4,1;4,2;4,3;4,4;4,5;5,-5;5,-4;5,-3;5,-2;5,-1;5,0;5,1;5,2;5,3;5,4;5,5
NEW|62|GO9004_LC,TAD_NO_HALO,TAD_NO_UNDERSHOOT_COLUMN,NO_SOC_PHOTOMETRY|836|201|-2,-2;-2,-1;-2,0;-2,1;-2,2;-1,-2;-1,-1;-1,0;-1,1;-1,2;0,-2;0,-1;0,0;0,1;0,2;1,-2;1,-1;1,0;1,1;1,2;2,-2;2,-1;2,0;2,1;2,2
NEW|62|GO9004_LC,TAD_NO_HALO,TAD_NO_UNDERSHOOT_COLUMN,NO_SOC_PHOTOMETRY|886|211|-2,-2;-2,-1;-2,0;-2,1;-2,2;-1,-2;-1,-1;-1,0;-1,1;-1,2;0,-2;0,-1;0,0;0,1;0,2;1,-2;1,-1;1,0;1,1;1,2;2,-2;2,-1;2,0;2,1;2,2
NEW|62|GO9004_LC,TAD_NO_HALO,TAD_NO_UNDERSHOOT_COLUMN,NO_SOC_PHOTOMETRY|826|251|-2,-2;-2,-1;-2,0;-2,1;-2,2;-1,-2;-1,-1;-1,0;-1,1;-1,2;0,-2;0,-1;0,0;0,1;0,2;1,-2;1,-1;1,0;1,1;1,2;2,-2;2,-1;2,0;2,1;2,2
NEW|62|GO9004_LC,TAD_NO_HALO,TAD_NO_UNDERSHOOT_COLUMN,NO_SOC_PHOTOMETRY|876|261|-2,-2;-2,-1;-2,0;-2,1;-2,2;-1,-2;-1,-1;-1,0;-1,1;-1,2;0,-2;0,-1;0,0;0,1;0,2;1,-2;1,-1;1,0;1,1;1,2;2,-2;2,-1;2,0;2,1;2,2
NEW|62|GO9004_LC,TAD_NO_HALO,TAD_NO_UNDERSHOOT_COLUMN,NO_SOC_PHOTOMETRY|489|764|-5,-5;-5,-4;-5,-3;-5,-2;-5,-1;-5,0;-5,1;-5,2;-5,3;-5,4;-5,5;-4,-5;-4,-4;-4,-3;-4,-2;-4,-1;-4,0;-4,1;-4,2;-4,3;-4,4;-4,5;-3,-5;-3,-4;-3,-3;-3,-2;-3,-1;-3,0;-3,1;-3,2;-3,3;-3,4;-3,5;-2,-5;-2,-4;-2,-3;-2,-2;-2,-1;-2,0;-2,1;-2,2;-2,3;-2,4;-2,5;-1,-5;-1,-4;-1,-3;-1,-2;-1,-1;-1,0;-1,1;-1,2;-1,3;-1,4;-1,5;0,-5;0,-4;0,-3;0,-2;0,-1;0,0;0,1;0,2;0,3;0,4;0,5;1,-5;1,-4;1,-3;1,-2;1,-1;1,0;1,1;1,2;1,3;1,4;1,5;2,-5;2,-4;2,-3;2,-2;2,-1;2,0;2,1;2,2;2,3;2,4;2,5;3,-5;3,-4;3,-3;3,-2;3,-1;3,0;3,1;3,2;3,3;3,4;3,5;4,-5;4,-4;4,-3;4,-2;4,-1;4,0;4,1;4,2;4,3;4,4;4,5;5,-5;5,-4;5,-3;5,-2;5,-1;5,0;5,1;5,2;5,3;5,4;5,5
NEW|62|GO9004_LC,TAD_NO_HALO,TAD_NO_UNDERSHOOT_COLUMN,NO_SOC_PHOTOMETRY|469|734|-2,-2;-2,-1;-2,0;-2,1;-2,2;-1,-2;-1,-1;-1,0;-1,1;-1,2;0,-2;0,-1;0,0;0,1;0,2;1,-2;1,-1;1,0;1,1;1,2;2,-2;2,-1;2,0;2,1;2,2
NEW|62|GO9004_LC,TAD_NO_HALO,TAD_NO_UNDERSHOOT_COLUMN,NO_SOC_PHOTOMETRY|519|744|-2,-2;-2,-1;-2,0;-2,1;-2,2;-1,-2;-1,-1;-1,0;-1,1;-1,2;0,-2;0,-1;0,0;0,1;0,2;1,-2;1,-1;1,0;1,1;1,2;2,-2;2,-1;2,0;2,1;2,2
NEW|62|GO9004_LC,TAD_NO_HALO,TAD_NO_UNDERSHOOT_COLUMN,NO_SOC_PHOTOMETRY|459|784|-2,-2;-2,-1;-2,0;-2,1;-2,2;-1,-2;-1,-1;-1,0;-1,1;-1,2;0,-2;0,-1;0,0;0,1;0,2;1,-2;1,-1;1,0;1,1;1,2;2,-2;2,-1;2,0;2,1;2,2
NEW|62|GO9004_LC,TAD_NO_HALO,TAD_NO_UNDERSHOOT_COLUMN,NO_SOC_PHOTOMETRY|509|794|-2,-2;-2,-1;-2,0;-2,1;-2,2;-1,-2;-1,-1;-1,0;-1,1;-1,2;0,-2;0,-1;0,0;0,1;0,2;1,-2;1,-1;1,0;1,1;1,2;2,-2;2,-1;2,0;2,1;2,2
NEW|41|GO9004_LC,TAD_NO_HALO,TAD_NO_UNDERSHOOT_COLUMN,NO_SOC_PHOTOMETRY|418|316|-5,-5;-5,-4;-5,-3;-5,-2;-5,-1;-5,0;-5,1;-5,2;-5,3;-5,4;-5,5;-4,-5;-4,-4;-4,-3;-4,-2;-4,-1;-4,0;-4,1;-4,2;-4,3;-4,4;-4,5;-3,-5;-3,-4;-3,-3;-3,-2;-3,-1;-3,0;-3,1;-3,2;-3,3;-3,4;-3,5;-2,-5;-2,-4;-2,-3;-2,-2;-2,-1;-2,0;-2,1;-2,2;-2,3;-2,4;-2,5;-1,-5;-1,-4;-1,-3;-1,-2;-1,-1;-1,0;-1,1;-1,2;-1,3;-1,4;-1,5;0,-5;0,-4;0,-3;0,-2;0,-1;0,0;0,1;0,2;0,3;0,4;0,5;1,-5;1,-4;1,-3;1,-2;1,-1;1,0;1,1;1,2;1,3;1,4;1,5;2,-5;2,-4;2,-3;2,-2;2,-1;2,0;2,1;2,2;2,3;2,4;2,5;3,-5;3,-4;3,-3;3,-2;3,-1;3,0;3,1;3,2;3,3;3,4;3,5;4,-5;4,-4;4,-3;4,-2;4,-1;4,0;4,1;4,2;4,3;4,4;4,5;5,-5;5,-4;5,-3;5,-2;5,-1;5,0;5,1;5,2;5,3;5,4;5,5
NEW|41|GO9004_LC,TAD_NO_HALO,TAD_NO_UNDERSHOOT_COLUMN,NO_SOC_PHOTOMETRY|398|286|-2,-2;-2,-1;-2,0;-2,1;-2,2;-1,-2;-1,-1;-1,0;-1,1;-1,2;0,-2;0,-1;0,0;0,1;0,2;1,-2;1,-1;1,0;1,1;1,2;2,-2;2,-1;2,0;2,1;2,2
NEW|41|GO9004_LC,TAD_NO_HALO,TAD_NO_UNDERSHOOT_COLUMN,NO_SOC_PHOTOMETRY|448|296|-2,-2;-2,-1;-2,0;-2,1;-2,2;-1,-2;-1,-1;-1,0;-1,1;-1,2;0,-2;0,-1;0,0;0,1;0,2;1,-2;1,-1;1,0;1,1;1,2;2,-2;2,-1;2,0;2,1;2,2
NEW|41|GO9004_LC,TAD_NO_HALO,TAD_NO_UNDERSHOOT_COLUMN,NO_SOC_PHOTOMETRY|388|336|-2,-2;-2,-1;-2,0;-2,1;-2,2;-1,-2;-1,-1;-1,0;-1,1;-1,2;0,-2;0,-1;0,0;0,1;0,2;1,-2;1,-1;1,0;1,1;1,2;2,-2;2,-1;2,0;2,1;2,2
NEW|41|GO9004_LC,TAD_NO_HALO,TAD_NO_UNDERSHOOT_COLUMN,NO_SOC_PHOTOMETRY|438|346|-2,-2;-2,-1;-2,0;-2,1;-2,2;-1,-2;-1,-1;-1,0;-1,1;-1,2;0,-2;0,-1;0,0;0,1;0,2;1,-2;1,-1;1,0;1,1;1,2;2,-2;2,-1;2,0;2,1;2,2
NEW|63|GO9004_LC,TAD_NO_HALO,TAD_NO_UNDERSHOOT_COLUMN,NO_SOC_PHOTOMETRY|346|349|-5,-5;-5,-4;-5,-3;-5,-2;-5,-1;-5,0;-5,1;-5,2;-5,3;-5,4;-5,5;-4,-5;-4,-4;-4,-3;-4,-2;-4,-1;-4,0;-4,1;-4,2;-4,3;-4,4;-4,5;-3,-5;-3,-4;-3,-3;-3,-2;-3,-1;-3,0;-3,1;-3,2;-3,3;-3,4;-3,5;-2,-5;-2,-4;-2,-3;-2,-2;-2,-1;-2,0;-2,1;-2,2;-2,3;-2,4;-2,5;-1,-5;-1,-4;-1,-3;-1,-2;-1,-1;-1,0;-1,1;-1,2;-1,3;-1,4;-1,5;0,-5;0,-4;0,-3;0,-2;0,-1;0,0;0,1;0,2;0,3;0,4;0,5;1,-5;1,-4;1,-3;1,-2;1,-1;1,0;1,1;1,2;1,3;1,4;1,5;2,-5;2,-4;2,-3;2,-2;2,-1;2,0;2,1;2,2;2,3;2,4;2,5;3,-5;3,-4;3,-3;3,-2;3,-1;3,0;3,1;3,2;3,3;3,4;3,5;4,-5;4,-4;4,-3;4,-2;4,-1;4,0;4,1;4,2;4,3;4,4;4,5;5,-5;5,-4;5,-3;5,-2;5,-1;5,0;5,1;5,2;5,3;5,4;5,5
NEW|63|GO9004_LC,TAD_NO_HALO,TAD_NO_UNDERSHOOT_COLUMN,NO_SOC_PHOTOMETRY|326|319|-2,-2;-2,-1;-2,0;-2,1;-2,2;-1,-2;-1,-1;-1,0;-1,1;-1,2;0,-2;0,-1;0,0;0,1;0,2;1,-2;1,-1;1,0;1,1;1,2;2,-2;2,-1;2,0;2,1;2,2
NEW|63|GO9004_LC,TAD_NO_HALO,TAD_NO_UNDERSHOOT_COLUMN,NO_SOC_PHOTOMETRY|376|329|-2,-2;-2,-1;-2,0;-2,1;-2,2;-1,-2;-1,-1;-1,0;-1,1;-1,2;0,-2;0,-1;0,0;0,1;0,2;1,-2;1,-1;1,0;1,1;1,2;2,-2;2,-1;2,0;2,1;2,2
NEW|63|GO9004_LC,TAD_NO_HALO,TAD_NO_UNDERSHOOT_COLUMN,NO_SOC_PHOTOMETRY|316|369|-2,-2;-2,-1;-2,0;-2,1;-2,2;-1,-2;-1,-1;-1,0;-1,1;-1,2;0,-2;0,-1;0,0;0,1;0,2;1,-2;1,-1;1,0;1,1;1,2;2,-2;2,-1;2,0;2,1;2,2
NEW|63|GO9004_LC,TAD_NO_HALO,TAD_NO_UNDERSHOOT_COLUMN,NO_SOC_PHOTOMETRY|366|379|-2,-2;-2,-1;-2,0;-2,1;-2,2;-1,-2;-1,-1;-1,0;-1,1;-1,2;0,-2;0,-1;0,0;0,1;0,2;1,-2;1,-1;1,0;1,1;1,2;2,-2;2,-1;2,0;2,1;2,2
NEW|61|GO9004_LC,TAD_NO_HALO,TAD_NO_UNDERSHOOT_COLUMN,NO_SOC_PHOTOMETRY|226|697|-5,-5;-5,-4;-5,-3;-5,-2;-5,-1;-5,0;-5,1;-5,2;-5,3;-5,4;-5,5;-4,-5;-4,-4;-4,-3;-4,-2;-4,-1;-4,0;-4,1;-4,2;-4,3;-4,4;-4,5;-3,-5;-3,-4;-3,-3;-3,-2;-3,-1;-3,0;-3,1;-3,2;-3,3;-3,4;-3,5;-2,-5;-2,-4;-2,-3;-2,-2;-2,-1;-2,0;-2,1;-2,2;-2,3;-2,4;-2,5;-1,-5;-1,-4;-1,-3;-1,-2;-1,-1;-1,0;-1,1;-1,2;-1,3;-1,4;-1,5;0,-5;0,-4;0,-3;0,-2;0,-1;0,0;0,1;0,2;0,3;0,4;0,5;1,-5;1,-4;1,-3;1,-2;1,-1;1,0;1,1;1,2;1,3;1,4;1,5;2,-5;2,-4;2,-3;2,-2;2,-1;2,0;2,1;2,2;2,3;2,4;2,5;3,-5;3,-4;3,-3;3,-2;3,-1;3,0;3,1;3,2;3,3;3,4;3,5;4,-5;4,-4;4,-3;4,-2;4,-1;4,0;4,1;4,2;4,3;4,4;4,5;5,-5;5,-4;5,-3;5,-2;5,-1;5,0;5,1;5,2;5,3;5,4;5,5
NEW|61|GO9004_LC,TAD_NO_HALO,TAD_NO_UNDERSHOOT_COLUMN,NO_SOC_PHOTOMETRY|206|667|-2,-2;-2,-1;-2,0;-2,1;-2,2;-1,-2;-1,-1;-1,0;-1,1;-1,2;0,-2;0,-1;0,0;0,1;0,2;1,-2;1,-1;1,0;1,1;1,2;2,-2;2,-1;2,0;2,1;2,2
NEW|61|GO9004_LC,TAD_NO_HALO,TAD_NO_UNDERSHOOT_COLUMN,NO_SOC_PHOTOMETRY|256|677|-2,-2;-2,-1;-2,0;-2,1;-2,2;-1,-2;-1,-1;-1,0;-1,1;-1,2;0,-2;0,-1;0,0;0,1;0,2;1,-2;1,-1;1,0;1,1;1,2;2,-2;2,-1;2,0;2,1;2,2
NEW|61|GO9004_LC,TAD_NO_HALO,TAD_NO_UNDERSHOOT_COLUMN,NO_SOC_PHOTOMETRY|196|717|-2,-2;-2,-1;-2,0;-2,1;-2,2;-1,-2;-1,-1;-1,0;-1,1;-1,2;0,-2;0,-1;0,0;0,1;0,2;1,-2;1,-1;1,0;1,1;1,2;2,-2;2,-1;2,0;2,1;2,2
NEW|61|GO9004_LC,TAD_NO_HALO,TAD_NO_UNDERSHOOT_COLUMN,NO_SOC_PHOTOMETRY|246|727|-2,-2;-2,-1;-2,0;-2,1;-2,2;-1,-2;-1,-1;-1,0;-1,1;-1,2;0,-2;0,-1;0,0;0,1;0,2;1,-2;1,-1;1,0;1,1;1,2;2,-2;2,-1;2,0;2,1;2,2
NEW|61|GO9004_LC,TAD_NO_HALO,TAD_NO_UNDERSHOOT_COLUMN,NO_SOC_PHOTOMETRY|802|1074|-5,-5;-5,-4;-5,-3;-5,-2;-5,-1;-5,0;-5,1;-5,2;-5,3;-5,4;-5,5;-4,-5;-4,-4;-4,-3;-4,-2;-4,-1;-4,0;-4,1;-4,2;-4,3;-4,4;-4,5;-3,-5;-3,-4;-3,-3;-3,-2;-3,-1;-3,0;-3,1;-3,2;-3,3;-3,4;-3,5;-2,-5;-2,-4;-2,-3;-2,-2;-2,-1;-2,0;-2,1;-2,2;-2,3;-2,4;-2,5;-1,-5;-1,-4;-1,-3;-1,-2;-1,-1;-1,0;-1,1;-1,2;-1,3;-1,4;-1,5;0,-5;0,-4;0,-3;0,-2;0,-1;0,0;0,1;0,2;0,3;0,4;0,5;1,-5;1,-4;1,-3;1,-2;1,-1;1,0;1,1;1,2;1,3;1,4;1,5;2,-5;2,-4;2,-3;2,-2;2,-1;2,0;2,1;2,2;2,3;2,4;2,5;3,-5;3,-4;3,-3;3,-2;3,-1;3,0;3,1;3,2;3,3;3,4;3,5;4,-5;4,-4;4,-3;4,-2;4,-1;4,0;4,1;4,2;4,3;4,4;4,5;5,-5;5,-4;5,-3;5,-2;5,-1;5,0;5,1;5,2;5,3;5,4;5,5
NEW|61|GO9004_LC,TAD_NO_HALO,TAD_NO_UNDERSHOOT_COLUMN,NO_SOC_PHOTOMETRY|782|1044|-2,-2;-2,-1;-2,0;-2,1;-2,2;-1,-2;-1,-1;-1,0;-1,1;-1,2;0,-2;0,-1;0,0;0,1;0,2;1,-2;1,-1;1,0;1,1;1,2;2,-2;2,-1;2,0;2,1;2,2
NEW|61|GO9004_LC,TAD_NO_HALO,TAD_NO_UNDERSHOOT_COLUMN,NO_SOC_PHOTOMETRY|832|1054|-2,-2;-2,-1;-2,0;-2,1;-2,2;-1,-2;-1,-1;-1,0;-1,1;-1,2;0,-2;0,-1;0,0;0,1;0,2;1,-2;1,-1;1,0;1,1;1,2;2,-2;2,-1;2,0;2,1;2,2
NEW|61|GO9004_LC,TAD_NO_HALO,TAD_NO_UNDERSHOOT_COLUMN,NO_SOC_PHOTOMETRY|772|1094|-2,-2;-2,-1;-2,0;-2,1;-2,2;-1,-2;-1,-1;-1,0;-1,1;-1,2;0,-2;0,-1;0,0;0,1;0,2;1,-2;1,-1;1,0;1,1;1,2;2,-2;2,-1;2,0;2,1;2,2
NEW|61|GO9004_LC,TAD_NO_HALO,TAD_NO_UNDERSHOOT_COLUMN,NO_SOC_PHOTOMETRY|822|1104|-2,-2;-2,-1;-2,0;-2,1;-2,2;-1,-2;-1,-1;-1,0;-1,1;-1,2;0,-2;0,-1;0,0;0,1;0,2;1,-2;1,-1;1,0;1,1;1,2;2,-2;2,-1;2,0;2,1;2,2
NEW|34|GO9004_LC,TAD_NO_HALO,TAD_NO_UNDERSHOOT_COLUMN,NO_SOC_PHOTOMETRY|1030|887|-5,-5;-5,-4;-5,-3;-5,-2;-5,-1;-5,0;-5,1;-5,2;-5,3;-5,4;-5,5;-4,-5;-4,-4;-4,-3;-4,-2;-4,-1;-4,0;-4,1;-4,2;-4,3;-4,4;-4,5;-3,-5;-3,-4;-3,-3;-3,-2;-3,-1;-3,0;-3,1;-3,2;-3,3;-3,4;-3,5;-2,-5;-2,-4;-2,-3;-2,-2;-2,-1;-2,0;-2,1;-2,2;-2,3;-2,4;-2,5;-1,-5;-1,-4;-1,-3;-1,-2;-1,-1;-1,0;-1,1;-1,2;-1,3;-1,4;-1,5;0,-5;0,-4;0,-3;0,-2;0,-1;0,0;0,1;0,2;0,3;0,4;0,5;1,-5;1,-4;1,-3;1,-2;1,-1;1,0;1,1;1,2;1,3;1,4;1,5;2,-5;2,-4;2,-3;2,-2;2,-1;2,0;2,1;2,2;2,3;2,4;2,5;3,-5;3,-4;3,-3;3,-2;3,-1;3,0;3,1;3,2;3,3;3,4;3,5;4,-5;4,-4;4,-3;4,-2;4,-1;4,0;4,1;4,2;4,3;4,4;4,5;5,-5;5,-4;5,-3;5,-2;5,-1;5,0;5,1;5,2;5,3;5,4;5,5
NEW|34|GO9004_LC,TAD_NO_HALO,TAD_NO_UNDERSHOOT_COLUMN,NO_SOC_PHOTOMETRY|1010|857|-2,-2;-2,-1;-2,0;-2,1;-2,2;-1,-2;-1,-1;-1,0;-1,1;-1,2;0,-2;0,-1;0,0;0,1;0,2;1,-2;1,-1;1,0;1,1;1,2;2,-2;2,-1;2,0;2,1;2,2
NEW|34|GO9004_LC,TAD_NO_HALO,TAD_NO_UNDERSHOOT_COLUMN,NO_SOC_PHOTOMETRY|1000|907|-2,-2;-2,-1;-2,0;-2,1;-2,2;-1,-2;-1,-1;-1,0;-1,1;-1,2;0,-2;0,-1;0,0;0,1;0,2;1,-2;1,-1;1,0;1,1;1,2;2,-2;2,-1;2,0;2,1;2,2
NEW|34|GO9004_LC,TAD_NO_HALO,TAD_NO_UNDERSHOOT_COLUMN,NO_SOC_PHOTOMETRY|800|848|-5,-5;-5,-4;-5,-3;-5,-2;-5,-1;-5,0;-5,1;-5,2;-5,3;-5,4;-5,5;-4,-5;-4,-4;-4,-3;-4,-2;-4,-1;-4,0;-4,1;-4,2;-4,3;-4,4;-4,5;-3,-5;-3,-4;-3,-3;-3,-2;-3,-1;-3,0;-3,1;-3,2;-3,3;-3,4;-3,5;-2,-5;-2,-4;-2,-3;-2,-2;-2,-1;-2,0;-2,1;-2,2;-2,3;-2,4;-2,5;-1,-5;-1,-4;-1,-3;-1,-2;-1,-1;-1,0;-1,1;-1,2;-1,3;-1,4;-1,5;0,-5;0,-4;0,-3;0,-2;0,-1;0,0;0,1;0,2;0,3;0,4;0,5;1,-5;1,-4;1,-3;1,-2;1,-1;1,0;1,1;1,2;1,3;1,4;1,5;2,-5;2,-4;2,-3;2,-2;2,-1;2,0;2,1;2,2;2,3;2,4;2,5;3,-5;3,-4;3,-3;3,-2;3,-1;3,0;3,1;3,2;3,3;3,4;3,5;4,-5;4,-4;4,-3;4,-2;4,-1;4,0;4,1;4,2;4,3;4,4;4,5;5,-5;5,-4;5,-3;5,-2;5,-1;5,0;5,1;5,2;5,3;5,4;5,5
NEW|34|GO9004_LC,TAD_NO_HALO,TAD_NO_UNDERSHOOT_COLUMN,NO_SOC_PHOTOMETRY|780|818|-2,-2;-2,-1;-2,0;-2,1;-2,2;-1,-2;-1,-1;-1,0;-1,1;-1,2;0,-2;0,-1;0,0;0,1;0,2;1,-2;1,-1;1,0;1,1;1,2;2,-2;2,-1;2,0;2,1;2,2
NEW|34|GO9004_LC,TAD_NO_HALO,TAD_NO_UNDERSHOOT_COLUMN,NO_SOC_PHOTOMETRY|830|828|-2,-2;-2,-1;-2,0;-2,1;-2,2;-1,-2;-1,-1;-1,0;-1,1;-1,2;0,-2;0,-1;0,0;0,1;0,2;1,-2;1,-1;1,0;1,1;1,2;2,-2;2,-1;2,0;2,1;2,2
NEW|34|GO9004_LC,TAD_NO_HALO,TAD_NO_UNDERSHOOT_COLUMN,NO_SOC_PHOTOMETRY|770|868|-2,-2;-2,-1;-2,0;-2,1;-2,2;-1,-2;-1,-1;-1,0;-1,1;-1,2;0,-2;0,-1;0,0;0,1;0,2;1,-2;1,-1;1,0;1,1;1,2;2,-2;2,-1;2,0;2,1;2,2
NEW|34|GO9004_LC,TAD_NO_HALO,TAD_NO_UNDERSHOOT_COLUMN,NO_SOC_PHOTOMETRY|820|878|-2,-2;-2,-1;-2,0;-2,1;-2,2;-1,-2;-1,-1;-1,0;-1,1;-1,2;0,-2;0,-1;0,0;0,1;0,2;1,-2;1,-1;1,0;1,1;1,2;2,-2;2,-1;2,0;2,1;2,2
NEW|34|GO9004_LC,TAD_NO_HALO,TAD_NO_UNDERSHOOT_COLUMN,NO_SOC_PHOTOMETRY|528|1084|-5,-5;-5,-4;-5,-3;-5,-2;-5,-1;-5,0;-5,1;-5,2;-5,3;-5,4;-5,5;-4,-5;-4,-4;-4,-3;-4,-2;-4,-1;-4,0;-4,1;-4,2;-4,3;-4,4;-4,5;-3,-5;-3,-4;-3,-3;-3,-2;-3,-1;-3,0;-3,1;-3,2;-3,3;-3,4;-3,5;-2,-5;-2,-4;-2,-3;-2,-2;-2,-1;-2,0;-2,1;-2,2;-2,3;-2,4;-2,5;-1,-5;-1,-4;-1,-3;-1,-2;-1,-1;-1,0;-1,1;-1,2;-1,3;-1,4;-1,5;0,-5;0,-4;0,-3;0,-2;0,-1;0,0;0,1;0,2;0,3;0,4;0,5;1,-5;1,-4;1,-3;1,-2;1,-1;1,0;1,1;1,2;1,3;1,4;1,5;2,-5;2,-4;2,-3;2,-2;2,-1;2,0;2,1;2,2;2,3;2,4;2,5;3,-5;3,-4;3,-3;3,-2;3,-1;3,0;3,1;3,2;3,3;3,4;3,5;4,-5;4,-4;4,-3;4,-2;4,-1;4,0;4,1;4,2;4,3;4,4;4,5;5,-5;5,-4;5,-3;5,-2;5,-1;5,0;5,1;5,2;5,3;5,4;5,5
NEW|34|GO9004_LC,TAD_NO_HALO,TAD_NO_UNDERSHOOT_COLUMN,NO_SOC_PHOTOMETRY|508|1054|-2,-2;-2,-1;-2,0;-2,1;-2,2;-1,-2;-1,-1;-1,0;-1,1;-1,2;0,-2;0,-1;0,0;0,1;0,2;1,-2;1,-1;1,0;1,1;1,2;2,-2;2,-1;2,0;2,1;2,2
NEW|34|GO9004_LC,TAD_NO_HALO,TAD_NO_UNDERSHOOT_COLUMN,NO_SOC_PHOTOMETRY|558|1064|-2,-2;-2,-1;-2,0;-2,1;-2,2;-1,-2;-1,-1;-1,0;-1,1;-1,2;0,-2;0,-1;0,0;0,1;0,2;1,-2;1,-1;1,0;1,1;1,2;2,-2;2,-1;2,0;2,1;2,2
NEW|34|GO9004_LC,TAD_NO_HALO,TAD_NO_UNDERSHOOT_COLUMN,NO_SOC_PHOTOMETRY|498|1104|-2,-2;-2,-1;-2,0;-2,1;-2,2;-1,-2;-1,-1;-1,0;-1,1;-1,2;0,-2;0,-1;0,0;0,1;0,2;1,-2;1,-1;1,0;1,1;1,2;2,-2;2,-1;2,0;2,1;2,2
NEW|36|GO9004_LC,TAD_NO_HALO,TAD_NO_UNDERSHOOT_COLUMN,NO_SOC_PHOTOMETRY|638|805|-5,-5;-5,-4;-5,-3;-5,-2;-5,-1;-5,0;-5,1;-5,2;-5,3;-5,4;-5,5;-4,-5;-4,-4;-4,-3;-4,-2;-4,-1;-4,0;-4,1;-4,2;-4,3;-4,4;-4,5;-3,-5;-3,-4;-3,-3;-3,-2;-3,-1;-3,0;-3,1;-3,2;-3,3;-3,4;-3,5;-2,-5;-2,-4;-2,-3;-2,-2;-2,-1;-2,0;-2,1;-2,2;-2,3;-2,4;-2,5;-1,-5;-1,-4;-1,-3;-1,-2;-1,-1;-1,0;-1,1;-1,2;-1,3;-1,4;-1,5;0,-5;0,-4;0,-3;0,-2;0,-1;0,0;0,1;0,2;0,3;0,4;0,5;1,-5;1,-4;1,-3;1,-2;1,-1;1,0;1,1;1,2;1,3;1,4;1,5;2,-5;2,-4;2,-3;2,-2;2,-1;2,0;2,1;2,2;2,3;2,4;2,5;3,-5;3,-4;3,-3;3,-2;3,-1;3,0;3,1;3,2;3,3;3,4;3,5;4,-5;4,-4;4,-3;4,-2;4,-1;4,0;4,1;4,2;4,3;4,4;4,5;5,-5;5,-4;5,-3;5,-2;5,-1;5,0;5,1;5,2;5,3;5,4;5,5
NEW|36|GO9004_LC,TAD_NO_HALO,TAD_NO_UNDERSHOOT_COLUMN,NO_SOC_PHOTOMETRY|618|775|-2,-2;-2,-1;-2,0;-2,1;-2,2;-1,-2;-1,-1;-1,0;-1,1;-1,2;0,-2;0,-1;0,0;0,1;0,2;1,-2;1,-1;1,0;1,1;1,2;2,-2;2,-1;2,0;2,1;2,2
NEW|36|GO9004_LC,TAD_NO_HALO,TAD_NO_UNDERSHOOT_COLUMN,NO_SOC_PHOTOMETRY|668|785|-2,-2;-2,-1;-2,0;-2,1;-2,2;-1,-2;-1,-1;-1,0;-1,1;-1,2;0,-2;0,-1;0,0;0,1;0,2;1,-2;1,-1;1,0;1,1;1,2;2,-2;2,-1;2,0;2,1;2,2
NEW|36|GO9004_LC,TAD_NO_HALO,TAD_NO_UNDERSHOOT_COLUMN,NO_SOC_PHOTOMETRY|608|825|-2,-2;-2,-1;-2,0;-2,1;-2,2;-1,-2;-1,-1;-1,0;-1,1;-1,2;0,-2;0,-1;0,0;0,1;0,2;1,-2;1,-1;1,0;1,1;1,2;2,-2;2,-1;2,0;2,1;2,2
NEW|36|GO9004_LC,TAD_NO_HALO,TAD_NO_UNDERSHOOT_COLUMN,NO_SOC_PHOTOMETRY|658|835|-2,-2;-2,-1;-2,0;-2,1;-2,2;-1,-2;-1,-1;-1,0;-1,1;-1,2;0,-2;0,-1;0,0;0,1;0,2;1,-2;1,-1;1,0;1,1;1,2;2,-2;2,-1;2,0;2,1;2,2
NEW|13|GO9004_LC,TAD_NO_HALO,TAD_NO_UNDERSHOOT_COLUMN,NO_SOC_PHOTOMETRY|468|626|-5,-5;-5,-4;-5,-3;-5,-2;-5,-1;-5,0;-5,1;-5,2;-5,3;-5,4;-5,5;-4,-5;-4,-4;-4,-3;-4,-2;-4,-1;-4,0;-4,1;-4,2;-4,3;-4,4;-4,5;-3,-5;-3,-4;-3,-3;-3,-2;-3,-1;-3,0;-3,1;-3,2;-3,3;-3,4;-3,5;-2,-5;-2,-4;-2,-3;-2,-2;-2,-1;-2,0;-2,1;-2,2;-2,3;-2,4;-2,5;-1,-5;-1,-4;-1,-3;-1,-2;-1,-1;-1,0;-1,1;-1,2;-1,3;-1,4;-1,5;0,-5;0,-4;0,-3;0,-2;0,-1;0,0;0,1;0,2;0,3;0,4;0,5;1,-5;1,-4;1,-3;1,-2;1,-1;1,0;1,1;1,2;1,3;1,4;1,5;2,-5;2,-4;2,-3;2,-2;2,-1;2,0;2,1;2,2;2,3;2,4;2,5;3,-5;3,-4;3,-3;3,-2;3,-1;3,0;3,1;3,2;3,3;3,4;3,5;4,-5;4,-4;4,-3;4,-2;4,-1;4,0;4,1;4,2;4,3;4,4;4,5;5,-5;5,-4;5,-3;5,-2;5,-1;5,0;5,1;5,2;5,3;5,4;5,5
NEW|13|GO9004_LC,TAD_NO_HALO,TAD_NO_UNDERSHOOT_COLUMN,NO_SOC_PHOTOMETRY|448|596|-2,-2;-2,-1;-2,0;-2,1;-2,2;-1,-2;-1,-1;-1,0;-1,1;-1,2;0,-2;0,-1;0,0;0,1;0,2;1,-2;1,-1;1,0;1,1;1,2;2,-2;2,-1;2,0;2,1;2,2
NEW|13|GO9004_LC,TAD_NO_HALO,TAD_NO_UNDERSHOOT_COLUMN,NO_SOC_PHOTOMETRY|498|606|-2,-2;-2,-1;-2,0;-2,1;-2,2;-1,-2;-1,-1;-1,0;-1,1;-1,2;0,-2;0,-1;0,0;0,1;0,2;1,-2;1,-1;1,0;1,1;1,2;2,-2;2,-1;2,0;2,1;2,2
NEW|13|GO9004_LC,TAD_NO_HALO,TAD_NO_UNDERSHOOT_COLUMN,NO_SOC_PHOTOMETRY|438|646|-2,-2;-2,-1;-2,0;-2,1;-2,2;-1,-2;-1,-1;-1,0;-1,1;-1,2;0,-2;0,-1;0,0;0,1;0,2;1,-2;1,-1;1,0;1,1;1,2;2,-2;2,-1;2,0;2,1;2,2
NEW|13|GO9004_LC,TAD_NO_HALO,TAD_NO_UNDERSHOOT_COLUMN,NO_SOC_PHOTOMETRY|488|656|-2,-2;-2,-1;-2,0;-2,1;-2,2;-1,-2;-1,-1;-1,0;-1,1;-1,2;0,-2;0,-1;0,0;0,1;0,2;1,-2;1,-1;1,0;1,1;1,2;2,-2;2,-1;2,0;2,1;2,2
NEW|17|GO9004_LC,TAD_NO_HALO,TAD_NO_UNDERSHOOT_COLUMN,NO_SOC_PHOTOMETRY|412|253|-5,-5;-5,-4;-5,-3;-5,-2;-5,-1;-5,0;-5,1;-5,2;-5,3;-5,4;-5,5;-4,-5;-4,-4;-4,-3;-4,-2;-4,-1;-4,0;-4,1;-4,2;-4,3;-4,4;-4,5;-3,-5;-3,-4;-3,-3;-3,-2;-3,-1;-3,0;-3,1;-3,2;-3,3;-3,4;-3,5;-2,-5;-2,-4;-2,-3;-2,-2;-2,-1;-2,0;-2,1;-2,2;-2,3;-2,4;-2,5;-1,-5;-1,-4;-1,-3;-1,-2;-1,-1;-1,0;-1,1;-1,2;-1,3;-1,4;-1,5;0,-5;0,-4;0,-3;0,-2;0,-1;0,0;0,1;0,2;0,3;0,4;0,5;1,-5;1,-4;1,-3;1,-2;1,-1;1,0;1,1;1,2;1,3;1,4;1,5;2,-5;2,-4;2,-3;2,-2;2,-1;2,0;2,1;2,2;2,3;2,4;2,5;3,-5;3,-4;3,-3;3,-2;3,-1;3,0;3,1;3,2;3,3;3,4;3,5;4,-5;4,-4;4,-3;4,-2;4,-1;4,0;4,1;4,2;4,3;4,4;4,5;5,-5;5,-4;5,-3;5,-2;5,-1;5,0;5,1;5,2;5,3;5,4;5,5
NEW|17|GO9004_LC,TAD_NO_HALO,TAD_NO_UNDERSHOOT_COLUMN,NO_SOC_PHOTOMETRY|392|223|-2,-2;-2,-1;-2,0;-2,1;-2,2;-1,-2;-1,-1;-1,0;-1,1;-1,2;0,-2;0,-1;0,0;0,1;0,2;1,-2;1,-1;1,0;1,1;1,2;2,-2;2,-1;2,0;2,1;2,2
NEW|17|GO9004_LC,TAD_NO_HALO,TAD_NO_UNDERSHOOT_COLUMN,NO_SOC_PHOTOMETRY|442|233|-2,-2;-2,-1;-2,0;-2,1;-2,2;-1,-2;-1,-1;-1,0;-1,1;-1,2;0,-2;0,-1;0,0;0,1;0,2;1,-2;1,-1;1,0;1,1;1,2;2,-2;2,-1;2,0;2,1;2,2
NEW|17|GO9004_LC,TAD_NO_HALO,TAD_NO_UNDERSHOOT_COLUMN,NO_SOC_PHOTOMETRY|382|273|-2,-2;-2,-1;-2,0;-2,1;-2,2;-1,-2;-1,-1;-1,0;-1,1;-1,2;0,-2;0,-1;0,0;0,1;0,2;1,-2;1,-1;1,0;1,1;1,2;2,-2;2,-1;2,0;2,1;2,2
NEW|17|GO9004_LC,TAD_NO_HALO,TAD_NO_UNDERSHOOT_COLUMN,NO_SOC_PHOTOMETRY|432|283|-2,-2;-2,-1;-2,0;-2,1;-2,2;-1,-2;-1,-1;-1,0;-1,1;-1,2;0,-2;0,-1;0,0;0,1;0,2;1,-2;1,-1;1,0;1,1;1,2;2,-2;2,-1;2,0;2,1;2,2
NEW|57|GO9004_LC,TAD_NO_HALO,TAD_NO_UNDERSHOOT_COLUMN,NO_SOC_PHOTOMETRY|44|456|-5,-5;-5,-4;-5,-3;-5,-2;-5,-1;-5,0;-5,1;-5,2;-5,3;-5,4;-5,5;-4,-5;-4,-4;-4,-3;-4,-2;-4,-1;-4,0;-4,1;-4,2;-4,3;-4,4;-4,5;-3,-5;-3,-4;-3,-3;-3,-2;-3,-1;-3,0;-3,1;-3,2;-3,3;-3,4;-3,5;-2,-5;-2,-4;-2,-3;-2,-2;-2,-1;-2,0;-2,1;-2,2;-2,3;-2,4;-2,5;-1,-5;-1,-4;-1,-3;-1,-2;-1,-1;-1,0;-1,1;-1,2;-1,3;-1,4;-1,5;0,-5;0,-4;0,-3;0,-2;0,-1;0,0;0,1;0,2;0,3;0,4;0,5;1,-5;1,-4;1,-3;1,-2;1,-1;1,0;1,1;1,2;1,3;1,4;1,5;2,-5;2,-4;2,-3;2,-2;2,-1;2,0;2,1;2,2;2,3;2,4;2,5;3,-5;3,-4;3,-3;3,-2;3,-1;3,0;3,1;3,2;3,3;3,4;3,5;4,-5;4,-4;4,-3;4,-2;4,-1;4,0;4,1;4,2;4,3;4,4;4,5;5,-5;5,-4;5,-3;5,-2;5,-1;5,0;5,1;5,2;5,3;5,4;5,5
NEW|57|GO9004_LC,TAD_NO_HALO,TAD_NO_UNDERSHOOT_COLUMN,NO_SOC_PHOTOMETRY|24|426|-2,-2;-2,-1;-2,0;-2,1;-2,2;-1,-2;-1,-1;-1,0;-1,1;-1,2;0,-2;0,-1;0,0;0,1;0,2;1,-2;1,-1;1,0;1,1;1,2;2,-2;2,-1;2,0;2,1;2,2
NEW|57|GO9004_LC,TAD_NO_HALO,TAD_NO_UNDERSHOOT_COLUMN,NO_SOC_PHOTOMETRY|74|436|-2,-2;-2,-1;-2,0;-2,1;-2,2;-1,-2;-1,-1;-1,0;-1,1;-1,2;0,-2;0,-1;0,0;0,1;0,2;1,-2;1,-1;1,0;1,1;1,2;2,-2;2,-1;2,0;2,1;2,2
NEW|57|GO9004_LC,TAD_NO_HALO,TAD_NO_UNDERSHOOT_COLUMN,NO_SOC_PHOTOMETRY|64|486|-2,-2;-2,-1;-2,0;-2,1;-2,2;-1,-2;-1,-1;-1,0;-1,1;-1,2;0,-2;0,-1;0,0;0,1;0,2;1,-2;1,-1;1,0;1,1;1,2;2,-2;2,-1;2,0;2,1;2,2
NEW|16|GO9004_LC,TAD_NO_HALO,TAD_NO_UNDERSHOOT_COLUMN,NO_SOC_PHOTOMETRY|913|944|-5,-5;-5,-4;-5,-3;-5,-2;-5,-1;-5,0;-5,1;-5,2;-5,3;-5,4;-5,5;-4,-5;-4,-4;-4,-3;-4,-2;-4,-1;-4,0;-4,1;-4,2;-4,3;-4,4;-4,5;-3,-5;-3,-4;-3,-3;-3,-2;-3,-1;-3,0;-3,1;-3,2;-3,3;-3,4;-3,5;-2,-5;-2,-4;-2,-3;-2,-2;-2,-1;-2,0;-2,1;-2,2;-2,3;-2,4;-2,5;-1,-5;-1,-4;-1,-3;-1,-2;-1,-1;-1,0;-1,1;-1,2;-1,3;-1,4;-1,5;0,-5;0,-4;0,-3;0,-2;0,-1;0,0;0,1;0,2;0,3;0,4;0,5;1,-5;1,-4;1,-3;1,-2;1,-1;1,0;1,1;1,2;1,3;1,4;1,5;2,-5;2,-4;2,-3;2,-2;2,-1;2,0;2,1;2,2;2,3;2,4;2,5;3,-5;3,-4;3,-3;3,-2;3,-1;3,0;3,1;3,2;3,3;3,4;3,5;4,-5;4,-4;4,-3;4,-2;4,-1;4,0;4,1;4,2;4,3;4,4;4,5;5,-5;5,-4;5,-3;5,-2;5,-1;5,0;5,1;5,2;5,3;5,4;5,5
NEW|16|GO9004_LC,TAD_NO_HALO,TAD_NO_UNDERSHOOT_COLUMN,NO_SOC_PHOTOMETRY|893|914|-2,-2;-2,-1;-2,0;-2,1;-2,2;-1,-2;-1,-1;-1,0;-1,1;-1,2;0,-2;0,-1;0,0;0,1;0,2;1,-2;1,-1;1,0;1,1;1,2;2,-2;2,-1;2,0;2,1;2,2
NEW|16|GO9004_LC,TAD_NO_HALO,TAD_NO_UNDERSHOOT_COLUMN,NO_SOC_PHOTOMETRY|943|924|-2,-2;-2,-1;-2,0;-2,1;-2,2;-1,-2;-1,-1;-1,0;-1,1;-1,2;0,-2;0,-1;0,0;0,1;0,2;1,-2;1,-1;1,0;1,1;1,2;2,-2;2,-1;2,0;2,1;2,2
NEW|16|GO9004_LC,TAD_NO_HALO,TAD_NO_UNDERSHOOT_COLUMN,NO_SOC_PHOTOMETRY|883|964|-2,-2;-2,-1;-2,0;-2,1;-2,2;-1,-2;-1,-1;-1,0;-1,1;-1,2;0,-2;0,-1;0,0;0,1;0,2;1,-2;1,-1;1,0;1,1;1,2;2,-2;2,-1;2,0;2,1;2,2
NEW|16|GO9004_LC,TAD_NO_HALO,TAD_NO_UNDERSHOOT_COLUMN,NO_SOC_PHOTOMETRY|933|974|-2,-2;-2,-1;-2,0;-2,1;-2,2;-1,-2;-1,-1;-1,0;-1,1;-1,2;0,-2;0,-1;0,0;0,1;0,2;1,-2;1,-1;1,0;1,1;1,2;2,-2;2,-1;2,0;2,1;2,2
NEW|16|GO9004_LC,TAD_NO_HALO,TAD_NO_UNDERSHOOT_COLUMN,NO_SOC_PHOTOMETRY|358|1055|-5,-5;-5,-4;-5,-3;-5,-2;-5,-1;-5,0;-5,1;-5,2;-5,3;-5,4;-5,5;-4,-5;-4,-4;-4,-3;-4,-2;-4,-1;-4,0;-4,1;-4,2;-4,3;-4,4;-4,5;-3,-5;-3,-4;-3,-3;-3,-2;-3,-1;-3,0;-3,1;-3,2;-3,3;-3,4;-3,5;-2,-5;-2,-4;-2,-3;-2,-2;-2,-1;-2,0;-2,1;-2,2;-2,3;-2,4;-2,5;-1,-5;-1,-4;-1,-3;-1,-2;-1,-1;-1,0;-1,1;-1,2;-1,3;-1,4;-1,5;0,-5;0,-4;0,-3;0,-2;0,-1;0,0;0,1;0,2;0,3;0,4;0,5;1,-5;1,-4;1,-3;1,-2;1,-1;1,0;1,1;1,2;1,3;1,4;1,5;2,-5;2,-4;2,-3;2,-2;2,-1;2,0;2,1;2,2;2,3;2,4;2,5;3,-5;3,-4;3,-3;3,-2;3,-1;3,0;3,1;3,2;3,3;3,4;3,5;4,-5;4,-4;4,-3;4,-2;4,-1;4,0;4,1;4,2;4,3;4,4;4,5;5,-5;5,-4;5,-3;5,-2;5,-1;5,0;5,1;5,2;5,3;5,4;5,5
NEW|16|GO9004_LC,TAD_NO_HALO,TAD_NO_UNDERSHOOT_COLUMN,NO_SOC_PHOTOMETRY|338|1025|-2,-2;-2,-1;-2,0;-2,1;-2,2;-1,-2;-1,-1;-1,0;-1,1;-1,2;0,-2;0,-1;0,0;0,1;0,2;1,-2;1,-1;1,0;1,1;1,2;2,-2;2,-1;2,0;2,1;2,2
NEW|16|GO9004_LC,TAD_NO_HALO,TAD_NO_UNDERSHOOT_COLUMN,NO_SOC_PHOTOMETRY|388|1035|-2,-2;-2,-1;-2,0;-2,1;-2,2;-1,-2;-1,-1;-1,0;-1,1;-1,2;0,-2;0,-1;0,0;0,1;0,2;1,-2;1,-1;1,0;1,1;1,2;2,-2;2,-1;2,0;2,1;2,2
NEW|16|GO9004_LC,TAD_NO_HALO,TAD_NO_UNDERSHOOT_COLUMN,NO_SOC_PHOTOMETRY|328|1075|-2,-2;-2,-1;-2,0;-2,1;-2,2;-1,-2;-1,-1;-1,0;-1,1;-1,2;0,-2;0,-1;0,0;0,1;0,2;1,-2;1,-1;1,0;1,1;1,2;2,-2;2,-1;2,0;2,1;2,2
NEW|16|GO9004_LC,TAD_NO_HALO,TAD_NO_UNDERSHOOT_COLUMN,NO_SOC_PHOTOMETRY|378|1085|-2,-2;-2,-1;-2,0;-2,1;-2,2;-1,-2;-1,-1;-1,0;-1,1;-1,2;0,-2;0,-1;0,0;0,1;0,2;1,-2;1,-1;1,0;1,1;1,2;2,-2;2,-1;2,0;2,1;2,2
NEW|17|GO9004_LC,TAD_NO_HALO,TAD_NO_UNDERSHOOT_COLUMN,NO_SOC_PHOTOMETRY|417|1105|-5,-5;-5,-4;-5,-3;-5,-2;-5,-1;-5,0;-5,1;-5,2;-5,3;-5,4;-5,5;-4,-5;-4,-4;-4,-3;-4,-2;-4,-1;-4,0;-4,1;-4,2;-4,3;-4,4;-4,5;-3,-5;-3,-4;-3,-3;-3,-2;-3,-1;-3,0;-3,1;-3,2;-3,3;-3,4;-3,5;-2,-5;-2,-4;-2,-3;-2,-2;-2,-1;-2,0;-2,1;-2,2;-2,3;-2,4;-2,5;-1,-5;-1,-4;-1,-3;-1,-2;-1,-1;-1,0;-1,1;-1,2;-1,3;-1,4;-1,5;0,-5;0,-4;0,-3;0,-2;0,-1;0,0;0,1;0,2;0,3;0,4;0,5;1,-5;1,-4;1,-3;1,-2;1,-1;1,0;1,1;1,2;1,3;1,4;1,5;2,-5;2,-4;2,-3;2,-2;2,-1;2,0;2,1;2,2;2,3;2,4;2,5;3,-5;3,-4;3,-3;3,-2;3,-1;3,0;3,1;3,2;3,3;3,4;3,5;4,-5;4,-4;4,-3;4,-2;4,-1;4,0;4,1;4,2;4,3;4,4;4,5;5,-5;5,-4;5,-3;5,-2;5,-1;5,0;5,1;5,2;5,3;5,4;5,5
NEW|17|GO9004_LC,TAD_NO_HALO,TAD_NO_UNDERSHOOT_COLUMN,NO_SOC_PHOTOMETRY|397|1075|-2,-2;-2,-1;-2,0;-2,1;-2,2;-1,-2;-1,-1;-1,0;-1,1;-1,2;0,-2;0,-1;0,0;0,1;0,2;1,-2;1,-1;1,0;1,1;1,2;2,-2;2,-1;2,0;2,1;2,2
NEW|17|GO9004_LC,TAD_NO_HALO,TAD_NO_UNDERSHOOT_COLUMN,NO_SOC_PHOTOMETRY|447|1085|-2,-2;-2,-1;-2,0;-2,1;-2,2;-1,-2;-1,-1;-1,0;-1,1;-1,2;0,-2;0,-1;0,0;0,1;0,2;1,-2;1,-1;1,0;1,1;1,2;2,-2;2,-1;2,0;2,1;2,2
NEW|64|GO9004_LC,TAD_NO_HALO,TAD_NO_UNDERSHOOT_COLUMN,NO_SOC_PHOTOMETRY|146|31|-5,-5;-5,-4;-5,-3;-5,-2;-5,-1;-5,0;-5,1;-5,2;-5,3;-5,4;-5,5;-4,-5;-4,-4;-4,-3;-4,-2;-4,-1;-4,0;-4,1;-4,2;-4,3;-4,4;-4,5;-3,-5;-3,-4;-3,-3;-3,-2;-3,-1;-3,0;-3,1;-3,2;-3,3;-3,4;-3,5;-2,-5;-2,-4;-2,-3;-2,-2;-2,-1;-2,0;-2,1;-2,2;-2,3;-2,4;-2,5;-1,-5;-1,-4;-1,-3;-1,-2;-1,-1;-1,0;-1,1;-1,2;-1,3;-1,4;-1,5;0,-5;0,-4;0,-3;0,-2;0,-1;0,0;0,1;0,2;0,3;0,4;0,5;1,-5;1,-4;1,-3;1,-2;1,-1;1,0;1,1;1,2;1,3;1,4;1,5;2,-5;2,-4;2,-3;2,-2;2,-1;2,0;2,1;2,2;2,3;2,4;2,5;3,-5;3,-4;3,-3;3,-2;3,-1;3,0;3,1;3,2;3,3;3,4;3,5;4,-5;4,-4;4,-3;4,-2;4,-1;4,0;4,1;4,2;4,3;4,4;4,5;5,-5;5,-4;5,-3;5,-2;5,-1;5,0;5,1;5,2;5,3;5,4;5,5
NEW|64|GO9004_LC,TAD_NO_HALO,TAD_NO_UNDERSHOOT_COLUMN,NO_SOC_PHOTOMETRY|116|51|-2,-2;-2,-1;-2,0;-2,1;-2,2;-1,-2;-1,-1;-1,0;-1,1;-1,2;0,-2;0,-1;0,0;0,1;0,2;1,-2;1,-1;1,0;1,1;1,2;2,-2;2,-1;2,0;2,1;2,2
NEW|64|GO9004_LC,TAD_NO_HALO,TAD_NO_UNDERSHOOT_COLUMN,NO_SOC_PHOTOMETRY|166|61|-2,-2;-2,-1;-2,0;-2,1;-2,2;-1,-2;-1,-1;-1,0;-1,1;-1,2;0,-2;0,-1;0,0;0,1;0,2;1,-2;1,-1;1,0;1,1;1,2;2,-2;2,-1;2,0;2,1;2,2
NEW|33|GO9004_LC,TAD_NO_HALO,TAD_NO_UNDERSHOOT_COLUMN,NO_SOC_PHOTOMETRY|340|1034|-5,-5;-5,-4;-5,-3;-5,-2;-5,-1;-5,0;-5,1;-5,2;-5,3;-5,4;-5,5;-4,-5;-4,-4;-4,-3;-4,-2;-4,-1;-4,0;-4,1;-4,2;-4,3;-4,4;-4,5;-3,-5;-3,-4;-3,-3;-3,-2;-3,-1;-3,0;-3,1;-3,2;-3,3;-3,4;-3,5;-2,-5;-2,-4;-2,-3;-2,-2;-2,-1;-2,0;-2,1;-2,2;-2,3;-2,4;-2,5;-1,-5;-1,-4;-1,-3;-1,-2;-1,-1;-1,0;-1,1;-1,2;-1,3;-1,4;-1,5;0,-5;0,-4;0,-3;0,-2;0,-1;0,0;0,1;0,2;0,3;0,4;0,5;1,-5;1,-4;1,-3;1,-2;1,-1;1,0;1,1;1,2;1,3;1,4;1,5;2,-5;2,-4;2,-3;2,-2;2,-1;2,0;2,1;2,2;2,3;2,4;2,5;3,-5;3,-4;3,-3;3,-2;3,-1;3,0;3,1;3,2;3,3;3,4;3,5;4,-5;4,-4;4,-3;4,-2;4,-1;4,0;4,1;4,2;4,3;4,4;4,5;5,-5;5,-4;5,-3;5,-2;5,-1;5,0;5,1;5,2;5,3;5,4;5,5
NEW|33|GO9004_LC,TAD_NO_HALO,TAD_NO_UNDERSHOOT_COLUMN,NO_SOC_PHOTOMETRY|320|1004|-2,-2;-2,-1;-2,0;-2,1;-2,2;-1,-2;-1,-1;-1,0;-1,1;-1,2;0,-2;0,-1;0,0;0,1;0,2;1,-2;1,-1;1,0;1,1;1,2;2,-2;2,-1;2,0;2,1;2,2
NEW|33|GO9004_LC,TAD_NO_HALO,TAD_NO_UNDERSHOOT_COLUMN,NO_SOC_PHOTOMETRY|370|1014|-2,-2;-2,-1;-2,0;-2,1;-2,2;-1,-2;-1,-1;-1,0;-1,1;-1,2;0,-2;0,-1;0,0;0,1;0,2;1,-2;1,-1;1,0;1,1;1,2;2,-2;2,-1;2,0;2,1;2,2
NEW|33|GO9004_LC,TAD_NO_HALO,TAD_NO_UNDERSHOOT_COLUMN,NO_SOC_PHOTOMETRY|310|1054|-2,-2;-2,-1;-2,0;-2,1;-2,2;-1,-2;-1,-1;-1,0;-1,1;-1,2;0,-2;0,-1;0,0;0,1;0,2;1,-2;1,-1;1,0;1,1;1,2;2,-2;2,-1;2,0;2,1;2,2
NEW|33|GO9004_LC,TAD_NO_HALO,TAD_NO_UNDERSHOOT_COLUMN,NO_SOC_PHOTOMETRY|360|1064|-2,-2;-2,-1;-2,0;-2,1;-2,2;-1,-2;-1,-1;-1,0;-1,1;-1,2;0,-2;0,-1;0,0;0,1;0,2;1,-2;1,-1;1,0;1,1;1,2;2,-2;2,-1;2,0;2,1;2,2
NEW|73|GO9004_LC,TAD_NO_HALO,TAD_NO_UNDERSHOOT_COLUMN,NO_SOC_PHOTOMETRY|205|158|-5,-5;-5,-4;-5,-3;-5,-2;-5,-1;-5,0;-5,1;-5,2;-5,3;-5,4;-5,5;-4,-5;-4,-4;-4,-3;-4,-2;-4,-1;-4,0;-4,1;-4,2;-4,3;-4,4;-4,5;-3,-5;-3,-4;-3,-3;-3,-2;-3,-1;-3,0;-3,1;-3,2;-3,3;-3,4;-3,5;-2,-5;-2,-4;-2,-3;-2,-2;-2,-1;-2,0;-2,1;-2,2;-2,3;-2,4;-2,5;-1,-5;-1,-4;-1,-3;-1,-2;-1,-1;-1,0;-1,1;-1,2;-1,3;-1,4;-1,5;0,-5;0,-4;0,-3;0,-2;0,-1;0,0;0,1;0,2;0,3;0,4;0,5;1,-5;1,-4;1,-3;1,-2;1,-1;1,0;1,1;1,2;1,3;1,4;1,5;2,-5;2,-4;2,-3;2,-2;2,-1;2,0;2,1;2,2;2,3;2,4;2,5;3,-5;3,-4;3,-3;3,-2;3,-1;3,0;3,1;3,2;3,3;3,4;3,5;4,-5;4,-4;4,-3;4,-2;4,-1;4,0;4,1;4,2;4,3;4,4;4,5;5,-5;5,-4;5,-3;5,-2;5,-1;5,0;5,1;5,2;5,3;5,4;5,5
NEW|73|GO9004_LC,TAD_NO_HALO,TAD_NO_UNDERSHOOT_COLUMN,NO_SOC_PHOTOMETRY|185|128|-2,-2;-2,-1;-2,0;-2,1;-2,2;-1,-2;-1,-1;-1,0;-1,1;-1,2;0,-2;0,-1;0,0;0,1;0,2;1,-2;1,-1;1,0;1,1;1,2;2,-2;2,-1;2,0;2,1;2,2
NEW|73|GO9004_LC,TAD_NO_HALO,TAD_NO_UNDERSHOOT_COLUMN,NO_SOC_PHOTOMETRY|235|138|-2,-2;-2,-1;-2,0;-2,1;-2,2;-1,-2;-1,-1;-1,0;-1,1;-1,2;0,-2;0,-1;0,0;0,1;0,2;1,-2;1,-1;1,0;1,1;1,2;2,-2;2,-1;2,0;2,1;2,2
NEW|73|GO9004_LC,TAD_NO_HALO,TAD_NO_UNDERSHOOT_COLUMN,NO_SOC_PHOTOMETRY|175|178|-2,-2;-2,-1;-2,0;-2,1;-2,2;-1,-2;-1,-1;-1,0;-1,1;-1,2;0,-2;0,-1;0,0;0,1;0,2;1,-2;1,-1;1,0;1,1;1,2;2,-2;2,-1;2,0;2,1;2,2
NEW|73|GO9004_LC,TAD_NO_HALO,TAD_NO_UNDERSHOOT_COLUMN,NO_SOC_PHOTOMETRY|225|188|-2,-2;-2,-1;-2,0;-2,1;-2,2;-1,-2;-1,-1;-1,0;-1,1;-1,2;0,-2;0,-1;0,0;0,1;0,2;1,-2;1,-1;1,0;1,1;1,2;2,-2;2,-1;2,0;2,1;2,2
NEW|18|GO9004_LC,TAD_NO_HALO,TAD_NO_UNDERSHOOT_COLUMN,NO_SOC_PHOTOMETRY|896|348|-5,-5;-5,-4;-5,-3;-5,-2;-5,-1;-5,0;-5,1;-5,2;-5,3;-5,4;-5,5;-4,-5;-4,-4;-4,-3;-4,-2;-4,-1;-4,0;-4,1;-4,2;-4,3;-4,4;-4,5;-3,-5;-3,-4;-3,-3;-3,-2;-3,-1;-3,0;-3,1;-3,2;-3,3;-3,4;-3,5;-2,-5;-2,-4;-2,-3;-2,-2;-2,-1;-2,0;-2,1;-2,2;-2,3;-2,4;-2,5;-1,-5;-1,-4;-1,-3;-1,-2;-1,-1;-1,0;-1,1;-1,2;-1,3;-1,4;-1,5;0,-5;0,-4;0,-3;0,-2;0,-1;0,0;0,1;0,2;0,3;0,4;0,5;1,-5;1,-4;1,-3;1,-2;1,-1;1,0;1,1;1,2;1,3;1,4;1,5;2,-5;2,-4;2,-3;2,-2;2,-1;2,0;2,1;2,2;2,3;2,4;2,5;3,-5;3,-4;3,-3;3,-2;3,-1;3,0;3,1;3,2;3,3;3,4;3,5;4,-5;4,-4;4,-3;4,-2;4,-1;4,0;4,1;4,2;4,3;4,4;4,5;5,-5;5,-4;5,-3;5,-2;5,-1;5,0;5,1;5,2;5,3;5,4;5,5
NEW|18|GO9004_LC,TAD_NO_HALO,TAD_NO_UNDERSHOOT_COLUMN,NO_SOC_PHOTOMETRY|876|318|-2,-2;-2,-1;-2,0;-2,1;-2,2;-1,-2;-1,-1;-1,0;-1,1;-1,2;0,-2;0,-1;0,0;0,1;0,2;1,-2;1,-1;1,0;1,1;1,2;2,-2;2,-1;2,0;2,1;2,2
NEW|18|GO9004_LC,TAD_NO_HALO,TAD_NO_UNDERSHOOT_COLUMN,NO_SOC_PHOTOMETRY|926|328|-2,-2;-2,-1;-2,0;-2,1;-2,2;-1,-2;-1,-1;-1,0;-1,1;-1,2;0,-2;0,-1;0,0;0,1;0,2;1,-2;1,-1;1,0;1,1;1,2;2,-2;2,-1;2,0;2,1;2,2
NEW|18|GO9004_LC,TAD_NO_HALO,TAD_NO_UNDERSHOOT_COLUMN,NO_SOC_PHOTOMETRY|866|368|-2,-2;-2,-1;-2,0;-2,1;-2,2;-1,-2;-1,-1;-1,0;-1,1;-1,2;0,-2;0,-1;0,0;0,1;0,2;1,-2;1,-1;1,0;1,1;1,2;2,-2;2,-1;2,0;2,1;2,2
NEW|18|GO9004_LC,TAD_NO_HALO,TAD_NO_UNDERSHOOT_COLUMN,NO_SOC_PHOTOMETRY|916|378|-2,-2;-2,-1;-2,0;-2,1;-2,2;-1,-2;-1,-1;-1,0;-1,1;-1,2;0,-2;0,-1;0,0;0,1;0,2;1,-2;1,-1;1,0;1,1;1,2;2,-2;2,-1;2,0;2,1;2,2
NEW|13|GO9004_LC,TAD_NO_HALO,TAD_NO_UNDERSHOOT_COLUMN,NO_SOC_PHOTOMETRY|375|154|-5,-5;-5,-4;-5,-3;-5,-2;-5,-1;-5,0;-5,1;-5,2;-5,3;-5,4;-5,5;-4,-5;-4,-4;-4,-3;-4,-2;-4,-1;-4,0;-4,1;-4,2;-4,3;-4,4;-4,5;-3,-5;-3,-4;-3,-3;-3,-2;-3,-1;-3,0;-3,1;-3,2;-3,3;-3,4;-3,5;-2,-5;-2,-4;-2,-3;-2,-2;-2,-1;-2,0;-2,1;-2,2;-2,3;-2,4;-2,5;-1,-5;-1,-4;-1,-3;-1,-2;-1,-1;-1,0;-1,1;-1,2;-1,3;-1,4;-1,5;0,-5;0,-4;0,-3;0,-2;0,-1;0,0;0,1;0,2;0,3;0,4;0,5;1,-5;1,-4;1,-3;1,-2;1,-1;1,0;1,1;1,2;1,3;1,4;1,5;2,-5;2,-4;2,-3;2,-2;2,-1;2,0;2,1;2,2;2,3;2,4;2,5;3,-5;3,-4;3,-3;3,-2;3,-1;3,0;3,1;3,2;3,3;3,4;3,5;4,-5;4,-4;4,-3;4,-2;4,-1;4,0;4,1;4,2;4,3;4,4;4,5;5,-5;5,-4;5,-3;5,-2;5,-1;5,0;5,1;5,2;5,3;5,4;5,5
NEW|13|GO9004_LC,TAD_NO_HALO,TAD_NO_UNDERSHOOT_COLUMN,NO_SOC_PHOTOMETRY|355|124|-2,-2;-2,-1;-2,0;-2,1;-2,2;-1,-2;-1,-1;-1,0;-1,1;-1,2;0,-2;0,-1;0,0;0,1;0,2;1,-2;1,-1;1,0;1,1;1,2;2,-2;2,-1;2,0;2,1;2,2
NEW|13|GO9004_LC,TAD_NO_HALO,TAD_NO_UNDERSHOOT_COLUMN,NO_SOC_PHOTOMETRY|405|134|-2,-2;-2,-1;-2,0;-2,1;-2,2;-1,-2;-1,-1;-1,0;-1,1;-1,2;0,-2;0,-1;0,0;0,1;0,2;1,-2;1,-1;1,0;1,1;1,2;2,-2;2,-1;2,0;2,1;2,2
NEW|13|GO9004_LC,TAD_NO_HALO,TAD_NO_UNDERSHOOT_COLUMN,NO_SOC_PHOTOMETRY|345|174|-2,-2;-2,-1;-2,0;-2,1;-2,2;-1,-2;-1,-1;-1,0;-1,1;-1,2;0,-2;0,-1;0,0;0,1;0,2;1,-2;1,-1;1,0;1,1;1,2;2,-2;2,-1;2,0;2,1;2,2
NEW|13|GO9004_LC,TAD_NO_HALO,TAD_NO_UNDERSHOOT_COLUMN,NO_SOC_PHOTOMETRY|395|184|-2,-2;-2,-1;-2,0;-2,1;-2,2;-1,-2;-1,-1;-1,0;-1,1;-1,2;0,-2;0,-1;0,0;0,1;0,2;1,-2;1,-1;1,0;1,1;1,2;2,-2;2,-1;2,0;2,1;2,2
NEW|74|GO9004_LC,TAD_NO_HALO,TAD_NO_UNDERSHOOT_COLUMN,NO_SOC_PHOTOMETRY|812|587|-5,-5;-5,-4;-5,-3;-5,-2;-5,-1;-5,0;-5,1;-5,2;-5,3;-5,4;-5,5;-4,-5;-4,-4;-4,-3;-4,-2;-4,-1;-4,0;-4,1;-4,2;-4,3;-4,4;-4,5;-3,-5;-3,-4;-3,-3;-3,-2;-3,-1;-3,0;-3,1;-3,2;-3,3;-3,4;-3,5;-2,-5;-2,-4;-2,-3;-2,-2;-2,-1;-2,0;-2,1;-2,2;-2,3;-2,4;-2,5;-1,-5;-1,-4;-1,-3;-1,-2;-1,-1;-1,0;-1,1;-1,2;-1,3;-1,4;-1,5;0,-5;0,-4;0,-3;0,-2;0,-1;0,0;0,1;0,2;0,3;0,4;0,5;1,-5;1,-4;1,-3;1,-2;1,-1;1,0;1,1;1,2;1,3;1,4;1,5;2,-5;2,-4;2,-3;2,-2;2,-1;2,0;2,1;2,2;2,3;2,4;2,5;3,-5;3,-4;3,-3;3,-2;3,-1;3,0;3,1;3,2;3,3;3,4;3,5;4,-5;4,-4;4,-3;4,-2;4,-1;4,0;4,1;4,2;4,3;4,4;4,5;5,-5;5,-4;5,-3;5,-2;5,-1;5,0;5,1;5,2;5,3;5,4;5,5
NEW|74|GO9004_LC,TAD_NO_HALO,TAD_NO_UNDERSHOOT_COLUMN,NO_SOC_PHOTOMETRY|792|557|-2,-2;-2,-1;-2,0;-2,1;-2,2;-1,-2;-1,-1;-1,0;-1,1;-1,2;0,-2;0,-1;0,0;0,1;0,2;1,-2;1,-1;1,0;1,1;1,2;2,-2;2,-1;2,0;2,1;2,2
NEW|74|GO9004_LC,TAD_NO_HALO,TAD_NO_UNDERSHOOT_COLUMN,NO_SOC_PHOTOMETRY|842|567|-2,-2;-2,-1;-2,0;-2,1;-2,2;-1,-2;-1,-1;-1,0;-1,1;-1,2;0,-2;0,-1;0,0;0,1;0,2;1,-2;1,-1;1,0;1,1;1,2;2,-2;2,-1;2,0;2,1;2,2
NEW|74|GO9004_LC,TAD_NO_HALO,TAD_NO_UNDERSHOOT_COLUMN,NO_SOC_PHOTOMETRY|782|607|-2,-2;-2,-1;-2,0;-2,1;-2,2;-1,-2;-1,-1;-1,0;-1,1;-1,2;0,-2;0,-1;0,0;0,1;0,2;1,-2;1,-1;1,0;1,1;1,2;2,-2;2,-1;2,0;2,1;2,2
NEW|74|GO9004_LC,TAD_NO_HALO,TAD_NO_UNDERSHOOT_COLUMN,NO_SOC_PHOTOMETRY|832|617|-2,-2;-2,-1;-2,0;-2,1;-2,2;-1,-2;-1,-1;-1,0;-1,1;-1,2;0,-2;0,-1;0,0;0,1;0,2;1,-2;1,-1;1,0;1,1;1,2;2,-2;2,-1;2,0;2,1;2,2
NEW|13|GO9004_LC,TAD_NO_HALO,TAD_NO_UNDERSHOOT_COLUMN,NO_SOC_PHOTOMETRY|248|1032|-5,-5;-5,-4;-5,-3;-5,-2;-5,-1;-5,0;-5,1;-5,2;-5,3;-5,4;-5,5;-4,-5;-4,-4;-4,-3;-4,-2;-4,-1;-4,0;-4,1;-4,2;-4,3;-4,4;-4,5;-3,-5;-3,-4;-3,-3;-3,-2;-3,-1;-3,0;-3,1;-3,2;-3,3;-3,4;-3,5;-2,-5;-2,-4;-2,-3;-2,-2;-2,-1;-2,0;-2,1;-2,2;-2,3;-2,4;-2,5;-1,-5;-1,-4;-1,-3;-1,-2;-1,-1;-1,0;-1,1;-1,2;-1,3;-1,4;-1,5;0,-5;0,-4;0,-3;0,-2;0,-1;0,0;0,1;0,2;0,3;0,4;0,5;1,-5;1,-4;1,-3;1,-2;1,-1;1,0;1,1;1,2;1,3;1,4;1,5;2,-5;2,-4;2,-3;2,-2;2,-1;2,0;2,1;2,2;2,3;2,4;2,5;3,-5;3,-4;3,-3;3,-2;3,-1;3,0;3,1;3,2;3,3;3,4;3,5;4,-5;4,-4;4,-3;4,-2;4,-1;4,0;4,1;4,2;4,3;4,4;4,5;5,-5;5,-4;5,-3;5,-2;5,-1;5,0;5,1;5,2;5,3;5,4;5,5
NEW|13|GO9004_LC,TAD_NO_HALO,TAD_NO_UNDERSHOOT_COLUMN,NO_SOC_PHOTOMETRY|228|1002|-2,-2;-2,-1;-2,0;-2,1;-2,2;-1,-2;-1,-1;-1,0;-1,1;-1,2;0,-2;0,-1;0,0;0,1;0,2;1,-2;1,-1;1,0;1,1;1,2;2,-2;2,-1;2,0;2,1;2,2
NEW|13|GO9004_LC,TAD_NO_HALO,TAD_NO_UNDERSHOOT_COLUMN,NO_SOC_PHOTOMETRY|278|1012|-2,-2;-2,-1;-2,0;-2,1;-2,2;-1,-2;-1,-1;-1,0;-1,1;-1,2;0,-2;0,-1;0,0;0,1;0,2;1,-2;1,-1;1,0;1,1;1,2;2,-2;2,-1;2,0;2,1;2,2
NEW|13|GO9004_LC,TAD_NO_HALO,TAD_NO_UNDERSHOOT_COLUMN,NO_SOC_PHOTOMETRY|218|1052|-2,-2;-2,-1;-2,0;-2,1;-2,2;-1,-2;-1,-1;-1,0;-1,1;-1,2;0,-2;0,-1;0,0;0,1;0,2;1,-2;1,-1;1,0;1,1;1,2;2,-2;2,-1;2,0;2,1;2,2
NEW|13|GO9004_LC,TAD_NO_HALO,TAD_NO_UNDERSHOOT_COLUMN,NO_SOC_PHOTOMETRY|268|1062|-2,-2;-2,-1;-2,0;-2,1;-2,2;-1,-2;-1,-1;-1,0;-1,1;-1,2;0,-2;0,-1;0,0;0,1;0,2;1,-2;1,-1;1,0;1,1;1,2;2,-2;2,-1;2,0;2,1;2,2
NEW|36|GO9004_LC,TAD_NO_HALO,TAD_NO_UNDERSHOOT_COLUMN,NO_SOC_PHOTOMETRY|645|966|-5,-5;-5,-4;-5,-3;-5,-2;-5,-1;-5,0;-5,1;-5,2;-5,3;-5,4;-5,5;-4,-5;-4,-4;-4,-3;-4,-2;-4,-1;-4,0;-4,1;-4,2;-4,3;-4,4;-4,5;-3,-5;-3,-4;-3,-3;-3,-2;-3,-1;-3,0;-3,1;-3,2;-3,3;-3,4;-3,5;-2,-5;-2,-4;-2,-3;-2,-2;-2,-1;-2,0;-2,1;-2,2;-2,3;-2,4;-2,5;-1,-5;-1,-4;-1,-3;-1,-2;-1,-1;-1,0;-1,1;-1,2;-1,3;-1,4;-1,5;0,-5;0,-4;0,-3;0,-2;0,-1;0,0;0,1;0,2;0,3;0,4;0,5;1,-5;1,-4;1,-3;1,-2;1,-1;1,0;1,1;1,2;1,3;1,4;1,5;2,-5;2,-4;2,-3;2,-2;2,-1;2,0;2,1;2,2;2,3;2,4;2,5;3,-5;3,-4;3,-3;3,-2;3,-1;3,0;3,1;3,2;3,3;3,4;3,5;4,-5;4,-4;4,-3;4,-2;4,-1;4,0;4,1;4,2;4,3;4,4;4,5;5,-5;5,-4;5,-3;5,-2;5,-1;5,0;5,1;5,2;5,3;5,4;5,5
NEW|36|GO9004_LC,TAD_NO_HALO,TAD_NO_UNDERSHOOT_COLUMN,NO_SOC_PHOTOMETRY|625|936|-2,-2;-2,-1;-2,0;-2,1;-2,2;-1,-2;-1,-1;-1,0;-1,1;-1,2;0,-2;0,-1;0,0;0,1;0,2;1,-2;1,-1;1,0;1,1;1,2;2,-2;2,-1;2,0;2,1;2,2
NEW|36|GO9004_LC,TAD_NO_HALO,TAD_NO_UNDERSHOOT_COLUMN,NO_SOC_PHOTOMETRY|675|946|-2,-2;-2,-1;-2,0;-2,1;-2,2;-1,-2;-1,-1;-1,0;-1,1;-1,2;0,-2;0,-1;0,0;0,1;0,2;1,-2;1,-1;1,0;1,1;1,2;2,-2;2,-1;2,0;2,1;2,2
NEW|36|GO9004_LC,TAD_NO_HALO,TAD_NO_UNDERSHOOT_COLUMN,NO_SOC_PHOTOMETRY|615|986|-2,-2;-2,-1;-2,0;-2,1;-2,2;-1,-2;-1,-1;-1,0;-1,1;-1,2;0,-2;0,-1;0,0;0,1;0,2;1,-2;1,-1;1,0;1,1;1,2;2,-2;2,-1;2,0;2,1;2,2
NEW|36|GO9004_LC,TAD_NO_HALO,TAD_NO_UNDERSHOOT_COLUMN,NO_SOC_PHOTOMETRY|665|996|-2,-2;-2,-1;-2,0;-2,1;-2,2;-1,-2;-1,-1;-1,0;-1,1;-1,2;0,-2;0,-1;0,0;0,1;0,2;1,-2;1,-1;1,0;1,1;1,2;2,-2;2,-1;2,0;2,1;2,2
NEW|17|GO9004_LC,TAD_NO_HALO,TAD_NO_UNDERSHOOT_COLUMN,NO_SOC_PHOTOMETRY|325|870|-5,-5;-5,-4;-5,-3;-5,-2;-5,-1;-5,0;-5,1;-5,2;-5,3;-5,4;-5,5;-4,-5;-4,-4;-4,-3;-4,-2;-4,-1;-4,0;-4,1;-4,2;-4,3;-4,4;-4,5;-3,-5;-3,-4;-3,-3;-3,-2;-3,-1;-3,0;-3,1;-3,2;-3,3;-3,4;-3,5;-2,-5;-2,-4;-2,-3;-2,-2;-2,-1;-2,0;-2,1;-2,2;-2,3;-2,4;-2,5;-1,-5;-1,-4;-1,-3;-1,-2;-1,-1;-1,0;-1,1;-1,2;-1,3;-1,4;-1,5;0,-5;0,-4;0,-3;0,-2;0,-1;0,0;0,1;0,2;0,3;0,4;0,5;1,-5;1,-4;1,-3;1,-2;1,-1;1,0;1,1;1,2;1,3;1,4;1,5;2,-5;2,-4;2,-3;2,-2;2,-1;2,0;2,1;2,2;2,3;2,4;2,5;3,-5;3,-4;3,-3;3,-2;3,-1;3,0;3,1;3,2;3,3;3,4;3,5;4,-5;4,-4;4,-3;4,-2;4,-1;4,0;4,1;4,2;4,3;4,4;4,5;5,-5;5,-4;5,-3;5,-2;5,-1;5,0;5,1;5,2;5,3;5,4;5,5
NEW|17|GO9004_LC,TAD_NO_HALO,TAD_NO_UNDERSHOOT_COLUMN,NO_SOC_PHOTOMETRY|305|840|-2,-2;-2,-1;-2,0;-2,1;-2,2;-1,-2;-1,-1;-1,0;-1,1;-1,2;0,-2;0,-1;0,0;0,1;0,2;1,-2;1,-1;1,0;1,1;1,2;2,-2;2,-1;2,0;2,1;2,2
NEW|17|GO9004_LC,TAD_NO_HALO,TAD_NO_UNDERSHOOT_COLUMN,NO_SOC_PHOTOMETRY|355|850|-2,-2;-2,-1;-2,0;-2,1;-2,2;-1,-2;-1,-1;-1,0;-1,1;-1,2;0,-2;0,-1;0,0;0,1;0,2;1,-2;1,-1;1,0;1,1;1,2;2,-2;2,-1;2,0;2,1;2,2
NEW|17|GO9004_LC,TAD_NO_HALO,TAD_NO_UNDERSHOOT_COLUMN,NO_SOC_PHOTOMETRY|295|890|-2,-2;-2,-1;-2,0;-2,1;-2,2;-1,-2;-1,-1;-1,0;-1,1;-1,2;0,-2;0,-1;0,0;0,1;0,2;1,-2;1,-1;1,0;1,1;1,2;2,-2;2,-1;2,0;2,1;2,2
NEW|17|GO9004_LC,TAD_NO_HALO,TAD_NO_UNDERSHOOT_COLUMN,NO_SOC_PHOTOMETRY|345|900|-2,-2;-2,-1;-2,0;-2,1;-2,2;-1,-2;-1,-1;-1,0;-1,1;-1,2;0,-2;0,-1;0,0;0,1;0,2;1,-2;1,-1;1,0;1,1;1,2;2,-2;2,-1;2,0;2,1;2,2
NEW|13|GO9004_LC,TAD_NO_HALO,TAD_NO_UNDERSHOOT_COLUMN,NO_SOC_PHOTOMETRY|209|148|-5,-5;-5,-4;-5,-3;-5,-2;-5,-1;-5,0;-5,1;-5,2;-5,3;-5,4;-5,5;-4,-5;-4,-4;-4,-3;-4,-2;-4,-1;-4,0;-4,1;-4,2;-4,3;-4,4;-4,5;-3,-5;-3,-4;-3,-3;-3,-2;-3,-1;-3,0;-3,1;-3,2;-3,3;-3,4;-3,5;-2,-5;-2,-4;-2,-3;-2,-2;-2,-1;-2,0;-2,1;-2,2;-2,3;-2,4;-2,5;-1,-5;-1,-4;-1,-3;-1,-2;-1,-1;-1,0;-1,1;-1,2;-1,3;-1,4;-1,5;0,-5;0,-4;0,-3;0,-2;0,-1;0,0;0,1;0,2;0,3;0,4;0,5;1,-5;1,-4;1,-3;1,-2;1,-1;1,0;1,1;1,2;1,3;1,4;1,5;2,-5;2,-4;2,-3;2,-2;2,-1;2,0;2,1;2,2;2,3;2,4;2,5;3,-5;3,-4;3,-3;3,-2;3,-1;3,0;3,1;3,2;3,3;3,4;3,5;4,-5;4,-4;4,-3;4,-2;4,-1;4,0;4,1;4,2;4,3;4,4;4,5;5,-5;5,-4;5,-3;5,-2;5,-1;5,0;5,1;5,2;5,3;5,4;5,5
NEW|13|GO9004_LC,TAD_NO_HALO,TAD_NO_UNDERSHOOT_COLUMN,NO_SOC_PHOTOMETRY|189|118|-2,-2;-2,-1;-2,0;-2,1;-2,2;-1,-2;-1,-1;-1,0;-1,1;-1,2;0,-2;0,-1;0,0;0,1;0,2;1,-2;1,-1;1,0;1,1;1,2;2,-2;2,-1;2,0;2,1;2,2
NEW|13|GO9004_LC,TAD_NO_HALO,TAD_NO_UNDERSHOOT_COLUMN,NO_SOC_PHOTOMETRY|239|128|-2,-2;-2,-1;-2,0;-2,1;-2,2;-1,-2;-1,-1;-1,0;-1,1;-1,2;0,-2;0,-1;0,0;0,1;0,2;1,-2;1,-1;1,0;1,1;1,2;2,-2;2,-1;2,0;2,1;2,2
NEW|13|GO9004_LC,TAD_NO_HALO,TAD_NO_UNDERSHOOT_COLUMN,NO_SOC_PHOTOMETRY|179|168|-2,-2;-2,-1;-2,0;-2,1;-2,2;-1,-2;-1,-1;-1,0;-1,1;-1,2;0,-2;0,-1;0,0;0,1;0,2;1,-2;1,-1;1,0;1,1;1,2;2,-2;2,-1;2,0;2,1;2,2
NEW|13|GO9004_LC,TAD_NO_HALO,TAD_NO_UNDERSHOOT_COLUMN,NO_SOC_PHOTOMETRY|229|178|-2,-2;-2,-1;-2,0;-2,1;-2,2;-1,-2;-1,-1;-1,0;-1,1;-1,2;0,-2;0,-1;0,0;0,1;0,2;1,-2;1,-1;1,0;1,1;1,2;2,-2;2,-1;2,0;2,1;2,2
NEW|35|GO9004_LC,TAD_NO_HALO,TAD_NO_UNDERSHOOT_COLUMN,NO_SOC_PHOTOMETRY|582|1063|-5,-5;-5,-4;-5,-3;-5,-2;-5,-1;-5,0;-5,1;-5,2;-5,3;-5,4;-5,5;-4,-5;-4,-4;-4,-3;-4,-2;-4,-1;-4,0;-4,1;-4,2;-4,3;-4,4;-4,5;-3,-5;-3,-4;-3,-3;-3,-2;-3,-1;-3,0;-3,1;-3,2;-3,3;-3,4;-3,5;-2,-5;-2,-4;-2,-3;-2,-2;-2,-1;-2,0;-2,1;-2,2;-2,3;-2,4;-2,5;-1,-5;-1,-4;-1,-3;-1,-2;-1,-1;-1,0;-1,1;-1,2;-1,3;-1,4;-1,5;0,-5;0,-4;0,-3;0,-2;0,-1;0,0;0,1;0,2;0,3;0,4;0,5;1,-5;1,-4;1,-3;1,-2;1,-1;1,0;1,1;1,2;1,3;1,4;1,5;2,-5;2,-4;2,-3;2,-2;2,-1;2,0;2,1;2,2;2,3;2,4;2,5;3,-5;3,-4;3,-3;3,-2;3,-1;3,0;3,1;3,2;3,3;3,4;3,5;4,-5;4,-4;4,-3;4,-2;4,-1;4,0;4,1;4,2;4,3;4,4;4,5;5,-5;5,-4;5,-3;5,-2;5,-1;5,0;5,1;5,2;5,3;5,4;5,5
NEW|35|GO9004_LC,TAD_NO_HALO,TAD_NO_UNDERSHOOT_COLUMN,NO_SOC_PHOTOMETRY|562|1033|-2,-2;-2,-1;-2,0;-2,1;-2,2;-1,-2;-1,-1;-1,0;-1,1;-1,2;0,-2;0,-1;0,0;0,1;0,2;1,-2;1,-1;1,0;1,1;1,2;2,-2;2,-1;2,0;2,1;2,2
NEW|35|GO9004_LC,TAD_NO_HALO,TAD_NO_UNDERSHOOT_COLUMN,NO_SOC_PHOTOMETRY|612|1043|-2,-2;-2,-1;-2,0;-2,1;-2,2;-1,-2;-1,-1;-1,0;-1,1;-1,2;0,-2;0,-1;0,0;0,1;0,2;1,-2;1,-1;1,0;1,1;1,2;2,-2;2,-1;2,0;2,1;2,2
NEW|35|GO9004_LC,TAD_NO_HALO,TAD_NO_UNDERSHOOT_COLUMN,NO_SOC_PHOTOMETRY|552|1083|-2,-2;-2,-1;-2,0;-2,1;-2,2;-1,-2;-1,-1;-1,0;-1,1;-1,2;0,-2;0,-1;0,0;0,1;0,2;1,-2;1,-1;1,0;1,1;1,2;2,-2;2,-1;2,0;2,1;2,2
NEW|35|GO9004_LC,TAD_NO_HALO,TAD_NO_UNDERSHOOT_COLUMN,NO_SOC_PHOTOMETRY|602|1093|-2,-2;-2,-1;-2,0;-2,1;-2,2;-1,-2;-1,-1;-1,0;-1,1;-1,2;0,-2;0,-1;0,0;0,1;0,2;1,-2;1,-1;1,0;1,1;1,2;2,-2;2,-1;2,0;2,1;2,2
NEW|39|GO9004_LC,TAD_NO_HALO,TAD_NO_UNDERSHOOT_COLUMN,NO_SOC_PHOTOMETRY|549|429|-5,-5;-5,-4;-5,-3;-5,-2;-5,-1;-5,0;-5,1;-5,2;-5,3;-5,4;-5,5;-4,-5;-4,-4;-4,-3;-4,-2;-4,-1;-4,0;-4,1;-4,2;-4,3;-4,4;-4,5;-3,-5;-3,-4;-3,-3;-3,-2;-3,-1;-3,0;-3,1;-3,2;-3,3;-3,4;-3,5;-2,-5;-2,-4;-2,-3;-2,-2;-2,-1;-2,0;-2,1;-2,2;-2,3;-2,4;-2,5;-1,-5;-1,-4;-1,-3;-1,-2;-1,-1;-1,0;-1,1;-1,2;-1,3;-1,4;-1,5;0,-5;0,-4;0,-3;0,-2;0,-1;0,0;0,1;0,2;0,3;0,4;0,5;1,-5;1,-4;1,-3;1,-2;1,-1;1,0;1,1;1,2;1,3;1,4;1,5;2,-5;2,-4;2,-3;2,-2;2,-1;2,0;2,1;2,2;2,3;2,4;2,5;3,-5;3,-4;3,-3;3,-2;3,-1;3,0;3,1;3,2;3,3;3,4;3,5;4,-5;4,-4;4,-3;4,-2;4,-1;4,0;4,1;4,2;4,3;4,4;4,5;5,-5;5,-4;5,-3;5,-2;5,-1;5,0;5,1;5,2;5,3;5,4;5,5
NEW|39|GO9004_LC,TAD_NO_HALO,TAD_NO_UNDERSHOOT_COLUMN,NO_SOC_PHOTOMETRY|529|399|-2,-2;-2,-1;-2,0;-2,1;-2,2;-1,-2;-1,-1;-1,0;-1,1;-1,2;0,-2;0,-1;0,0;0,1;0,2;1,-2;1,-1;1,0;1,1;1,2;2,-2;2,-1;2,0;2,1;2,2
NEW|39|GO9004_LC,TAD_NO_HALO,TAD_NO_UNDERSHOOT_COLUMN,NO_SOC_PHOTOMETRY|579|409|-2,-2;-2,-1;-2,0;-2,1;-2,2;-1,-2;-1,-1;-1,0;-1,1;-1,2;0,-2;0,-1;0,0;0,1;0,2;1,-2;1,-1;1,0;1,1;1,2;2,-2;2,-1;2,0;2,1;2,2
NEW|39|GO9004_LC,TAD_NO_HALO,TAD_NO_UNDERSHOOT_COLUMN,NO_SOC_PHOTOMETRY|519|449|-2,-2;-2,-1;-2,0;-2,1;-2,2;-1,-2;-1,-1;-1,0;-1,1;-1,2;0,-2;0,-1;0,0;0,1;0,2;1,-2;1,-1;1,0;1,1;1,2;2,-2;2,-1;2,0;2,1;2,2
NEW|39|GO9004_LC,TAD_NO_HALO,TAD_NO_UNDERSHOOT_COLUMN,NO_SOC_PHOTOMETRY|569|459|-2,-2;-2,-1;-2,0;-2,1;-2,2;-1,-2;-1,-1;-1,0;-1,1;-1,2;0,-2;0,-1;0,0;0,1;0,2;1,-2;1,-1;1,0;1,1;1,2;2,-2;2,-1;2,0;2,1;2,2
NEW|75|GO9004_LC,TAD_NO_HALO,TAD_NO_UNDERSHOOT_COLUMN,NO_SOC_PHOTOMETRY|601|634|-5,-5;-5,-4;-5,-3;-5,-2;-5,-1;-5,0;-5,1;-5,2;-5,3;-5,4;-5,5;-4,-5;-4,-4;-4,-3;-4,-2;-4,-1;-4,0;-4,1;-4,2;-4,3;-4,4;-4,5;-3,-5;-3,-4;-3,-3;-3,-2;-3,-1;-3,0;-3,1;-3,2;-3,3;-3,4;-3,5;-2,-5;-2,-4;-2,-3;-2,-2;-2,-1;-2,0;-2,1;-2,2;-2,3;-2,4;-2,5;-1,-5;-1,-4;-1,-3;-1,-2;-1,-1;-1,0;-1,1;-1,2;-1,3;-1,4;-1,5;0,-5;0,-4;0,-3;0,-2;0,-1;0,0;0,1;0,2;0,3;0,4;0,5;1,-5;1,-4;1,-3;1,-2;1,-1;1,0;1,1;1,2;1,3;1,4;1,5;2,-5;2,-4;2,-3;2,-2;2,-1;2,0;2,1;2,2;2,3;2,4;2,5;3,-5;3,-4;3,-3;3,-2;3,-1;3,0;3,1;3,2;3,3;3,4;3,5;4,-5;4,-4;4,-3;4,-2;4,-1;4,0;4,1;4,2;4,3;4,4;4,5;5,-5;5,-4;5,-3;5,-2;5,-1;5,0;5,1;5,2;5,3;5,4;5,5
NEW|75|GO9004_LC,TAD_NO_HALO,TAD_NO_UNDERSHOOT_COLUMN,NO_SOC_PHOTOMETRY|581|604|-2,-2;-2,-1;-2,0;-2,1;-2,2;-1,-2;-1,-1;-1,0;-1,1;-1,2;0,-2;0,-1;0,0;0,1;0,2;1,-2;1,-1;1,0;1,1;1,2;2,-2;2,-1;2,0;2,1;2,2
NEW|75|GO9004_LC,TAD_NO_HALO,TAD_NO_UNDERSHOOT_COLUMN,NO_SOC_PHOTOMETRY|631|614|-2,-2;-2,-1;-2,0;-2,1;-2,2;-1,-2;-1,-1;-1,0;-1,1;-1,2;0,-2;0,-1;0,0;0,1;0,2;1,-2;1,-1;1,0;1,1;1,2;2,-2;2,-1;2,0;2,1;2,2
NEW|75|GO9004_LC,TAD_NO_HALO,TAD_NO_UNDERSHOOT_COLUMN,NO_SOC_PHOTOMETRY|571|654|-2,-2;-2,-1;-2,0;-2,1;-2,2;-1,-2;-1,-1;-1,0;-1,1;-1,2;0,-2;0,-1;0,0;0,1;0,2;1,-2;1,-1;1,0;1,1;1,2;2,-2;2,-1;2,0;2,1;2,2
NEW|75|GO9004_LC,TAD_NO_HALO,TAD_NO_UNDERSHOOT_COLUMN,NO_SOC_PHOTOMETRY|621|664|-2,-2;-2,-1;-2,0;-2,1;-2,2;-1,-2;-1,-1;-1,0;-1,1;-1,2;0,-2;0,-1;0,0;0,1;0,2;1,-2;1,-1;1,0;1,1;1,2;2,-2;2,-1;2,0;2,1;2,2
